0 0.300781 0.710938 0.060937 0.098958
0 0.612109 0.716667 0.121094 0.102083
0 0.732422 0.716667 0.117969 0.100000
0 0.849219 0.713021 0.115625 0.101042
0 0.337891 0.876042 0.057031 0.118750
0 0.396875 0.889062 0.057813 0.101042
0 0.456641 0.893229 0.060156 0.092708
0 0.516016 0.893229 0.060156 0.086458
0 0.576953 0.896875 0.060156 0.093750
0 0.636328 0.895312 0.060156 0.092708
0 0.695312 0.895312 0.062500 0.092708
0 0.753125 0.893229 0.060937 0.094792
0 0.811328 0.891667 0.061719 0.093750
0 0.866406 0.888021 0.059375 0.096875
1 0.825391 0.250521 0.083594 0.078125
1 0.739844 0.246875 0.082812 0.079167
1 0.652734 0.243229 0.089844 0.080208
1 0.843359 0.326042 0.041406 0.068750
1 0.798438 0.323437 0.045312 0.069792
1 0.752344 0.320312 0.045312 0.069792
1 0.708594 0.319271 0.045312 0.069792
1 0.662500 0.318229 0.045312 0.069792
1 0.616406 0.317188 0.045312 0.069792
1 0.568750 0.359375 0.054688 0.087500
1 0.625781 0.358854 0.054688 0.088542
1 0.679297 0.356250 0.052344 0.093750
1 0.732031 0.358854 0.051562 0.092708
1 0.784375 0.356771 0.054688 0.094792
1 0.835938 0.358333 0.048438 0.095833
1 0.885156 0.357812 0.048438 0.096875
1 0.567187 0.447917 0.057813 0.089583
1 0.623437 0.447917 0.054688 0.087500
1 0.679297 0.446354 0.055469 0.086458
1 0.732422 0.447396 0.050781 0.084375
1 0.783594 0.448958 0.051562 0.087500
1 0.835156 0.450000 0.050000 0.087500
1 0.884375 0.449479 0.046875 0.086458
1 0.594922 0.536458 0.053906 0.087500
1 0.671484 0.535417 0.099219 0.087500
1 0.768750 0.535417 0.096875 0.087500
1 0.863281 0.535937 0.090625 0.086458
1 0.565234 0.621875 0.055469 0.087500
1 0.623047 0.623437 0.053906 0.084375
1 0.676562 0.622396 0.054688 0.086458
1 0.730078 0.622917 0.050781 0.087500
1 0.781641 0.622917 0.052344 0.085417
1 0.833203 0.621875 0.052344 0.083333
1 0.883984 0.619792 0.050781 0.083333
1 0.358203 0.714583 0.052344 0.091667
1 0.413281 0.720313 0.054688 0.082292
1 0.469922 0.721354 0.053906 0.082292
1 0.524609 0.723437 0.053906 0.084375
1 0.348828 0.798958 0.050781 0.079167
1 0.401172 0.804167 0.052344 0.081250
1 0.456250 0.805208 0.054688 0.081250
1 0.509375 0.806771 0.053125 0.082292
1 0.564844 0.808333 0.053125 0.081250
1 0.619141 0.809375 0.053906 0.081250
1 0.670312 0.807813 0.053125 0.082292
1 0.722266 0.807292 0.053906 0.083333
1 0.775000 0.806771 0.054688 0.082292
1 0.825391 0.802604 0.053906 0.080208
1 0.875000 0.801042 0.054688 0.081250
2 0.327734 0.204687 0.083594 0.019792
2 0.328516 0.224479 0.083594 0.017708
2 0.326562 0.242708 0.084375 0.018750
2 0.325781 0.259896 0.082812 0.017708
2 0.326172 0.278646 0.083594 0.019792
2 0.325391 0.297917 0.083594 0.016667
2 0.325391 0.316667 0.083594 0.018750
2 0.325391 0.336458 0.083594 0.018750
2 0.323047 0.354167 0.083594 0.020833
2 0.323437 0.373958 0.082812 0.018750
2 0.321484 0.393229 0.083594 0.019792
2 0.321094 0.411979 0.081250 0.015625
2 0.320312 0.429688 0.084375 0.019792
2 0.318359 0.448958 0.083594 0.018750
2 0.317969 0.467708 0.082812 0.018750
2 0.319531 0.486458 0.082812 0.018750
2 0.319531 0.505729 0.082812 0.017708
2 0.320312 0.524479 0.082812 0.019792
2 0.317578 0.544271 0.082031 0.017708
2 0.316016 0.560937 0.082031 0.019792
2 0.316797 0.579688 0.082031 0.015625
2 0.318750 0.597917 0.081250 0.020833
2 0.320312 0.617708 0.084375 0.018750
2 0.319141 0.635417 0.082031 0.014583
2 0.319531 0.652604 0.082812 0.019792
2 0.414453 0.195312 0.085156 0.017708
2 0.414453 0.213542 0.083594 0.018750
2 0.415625 0.232292 0.084375 0.018750
2 0.413672 0.251042 0.083594 0.018750
2 0.412500 0.270833 0.089063 0.020833
2 0.413672 0.290625 0.086719 0.018750
2 0.411719 0.307812 0.084375 0.017708
2 0.411719 0.326562 0.085938 0.017708
2 0.409766 0.345833 0.086719 0.018750
2 0.409766 0.364583 0.086719 0.018750
2 0.408984 0.383854 0.083594 0.019792
2 0.407031 0.402604 0.084375 0.019792
2 0.407031 0.421875 0.085938 0.018750
2 0.406641 0.441667 0.085156 0.020833
2 0.405859 0.462500 0.086719 0.018750
2 0.407031 0.480729 0.084375 0.017708
2 0.407422 0.497917 0.085156 0.018750
2 0.406250 0.517708 0.085938 0.018750
2 0.407422 0.536979 0.086719 0.019792
2 0.406250 0.555729 0.084375 0.017708
2 0.405859 0.573958 0.085156 0.018750
2 0.405859 0.592708 0.083594 0.018750
2 0.406250 0.612500 0.085938 0.018750
2 0.405078 0.632292 0.083594 0.018750
2 0.404687 0.650521 0.084375 0.017708
2 0.403516 0.668750 0.085156 0.018750
2 0.502734 0.197917 0.088281 0.020833
2 0.501953 0.216146 0.085156 0.017708
2 0.501172 0.234375 0.085156 0.018750
2 0.500391 0.253646 0.085156 0.017708
2 0.500781 0.273438 0.085938 0.019792
2 0.499219 0.292187 0.085938 0.017708
2 0.498047 0.310937 0.086719 0.017708
2 0.498828 0.329167 0.086719 0.018750
2 0.498437 0.347396 0.085938 0.019792
2 0.498047 0.365625 0.086719 0.016667
2 0.498437 0.384375 0.085938 0.020833
2 0.495703 0.404167 0.086719 0.018750
2 0.494922 0.423958 0.086719 0.018750
2 0.494922 0.442188 0.086719 0.017708
2 0.495312 0.461458 0.087500 0.018750
2 0.495312 0.480729 0.087500 0.017708
2 0.493359 0.499479 0.085156 0.019792
2 0.494141 0.519271 0.085156 0.017708
2 0.493359 0.538542 0.086719 0.018750
2 0.493750 0.558333 0.085938 0.020833
2 0.492969 0.577083 0.085938 0.018750
2 0.493750 0.594792 0.084375 0.016667
2 0.493750 0.612500 0.087500 0.018750
2 0.492188 0.631250 0.085938 0.016667
2 0.490625 0.649479 0.085938 0.021875
2 0.491016 0.670833 0.085156 0.020833
2 0.590625 0.193229 0.085938 0.019792
2 0.590234 0.210938 0.086719 0.019792
2 0.589844 0.229687 0.084375 0.017708
2 0.587500 0.247396 0.085938 0.017708
2 0.589844 0.268229 0.085938 0.019792
2 0.589063 0.286458 0.084375 0.016667
2 0.587891 0.305208 0.086719 0.018750
2 0.546094 0.536458 0.015625 0.083333
2 0.560937 0.536979 0.014063 0.084375
