2 0.251953 0.198437 0.085156 0.019792
2 0.253516 0.217708 0.083594 0.018750
2 0.250391 0.236458 0.083594 0.018750
2 0.250391 0.255208 0.082031 0.016667
2 0.250000 0.272917 0.081250 0.016667
2 0.250391 0.291146 0.082031 0.019792
2 0.249219 0.310417 0.082812 0.016667
2 0.249609 0.328646 0.083594 0.019792
2 0.248438 0.347917 0.082812 0.018750
2 0.248438 0.366667 0.082812 0.018750
2 0.245703 0.385417 0.082031 0.016667
2 0.245312 0.403646 0.082812 0.017708
2 0.243750 0.422396 0.082812 0.017708
2 0.242969 0.441146 0.082812 0.019792
2 0.243750 0.460417 0.082812 0.016667
2 0.244531 0.479167 0.081250 0.018750
2 0.244531 0.497396 0.079687 0.015625
2 0.244141 0.515625 0.082031 0.018750
2 0.241016 0.535417 0.082031 0.018750
2 0.241016 0.554688 0.083594 0.019792
2 0.241797 0.572396 0.083594 0.017708
2 0.243359 0.591667 0.082031 0.020833
2 0.243359 0.608854 0.082031 0.019792
2 0.244531 0.627083 0.081250 0.016667
2 0.244922 0.645833 0.082031 0.018750
2 0.338672 0.189062 0.083594 0.017708
2 0.339453 0.207813 0.083594 0.019792
2 0.340625 0.227604 0.084375 0.019792
2 0.337500 0.248438 0.084375 0.019792
2 0.337891 0.265104 0.085156 0.019792
2 0.336328 0.283333 0.085156 0.018750
2 0.335156 0.302083 0.084375 0.018750
2 0.333594 0.320312 0.084375 0.017708
2 0.333984 0.338542 0.083594 0.016667
2 0.332813 0.358854 0.085938 0.021875
2 0.331250 0.377083 0.084375 0.020833
2 0.330859 0.396875 0.083594 0.018750
2 0.329688 0.415104 0.085938 0.017708
2 0.329688 0.434375 0.085938 0.020833
2 0.329297 0.453646 0.083594 0.017708
2 0.330859 0.470833 0.083594 0.016667
2 0.329688 0.490104 0.084375 0.019792
2 0.328906 0.509375 0.085938 0.018750
2 0.330469 0.529167 0.084375 0.020833
2 0.329297 0.547917 0.085156 0.016667
2 0.330859 0.565625 0.083594 0.016667
2 0.328906 0.584375 0.084375 0.018750
2 0.331250 0.603125 0.084375 0.018750
2 0.328906 0.622396 0.084375 0.019792
2 0.328906 0.641667 0.084375 0.016667
2 0.328906 0.659896 0.084375 0.019792
2 0.426563 0.192188 0.085938 0.019792
2 0.426953 0.211979 0.083594 0.019792
2 0.426563 0.229687 0.085938 0.017708
2 0.423438 0.248438 0.084375 0.017708
2 0.423047 0.266667 0.086719 0.018750
2 0.422656 0.284896 0.085938 0.017708
2 0.420312 0.303125 0.084375 0.018750
2 0.419922 0.321875 0.085156 0.018750
2 0.422656 0.341667 0.085938 0.018750
2 0.419922 0.359375 0.086719 0.016667
2 0.421094 0.377604 0.085938 0.019792
2 0.417187 0.396875 0.085938 0.016667
2 0.416797 0.415104 0.086719 0.017708
2 0.417969 0.434896 0.085938 0.021875
2 0.417578 0.454688 0.086719 0.017708
2 0.417578 0.472917 0.085156 0.018750
2 0.416406 0.492708 0.085938 0.020833
2 0.416797 0.512500 0.085156 0.016667
2 0.416406 0.530729 0.085938 0.017708
2 0.416797 0.549479 0.083594 0.017708
2 0.417187 0.566667 0.085938 0.018750
2 0.416797 0.585417 0.086719 0.016667
2 0.416797 0.604167 0.085156 0.020833
2 0.415625 0.623437 0.085938 0.017708
2 0.414062 0.642188 0.085938 0.019792
2 0.414844 0.661979 0.085938 0.019792
2 0.513281 0.186458 0.084375 0.020833
2 0.513672 0.206250 0.083594 0.016667
2 0.512891 0.224479 0.085156 0.019792
2 0.510938 0.243229 0.082812 0.017708
2 0.511328 0.261979 0.083594 0.017708
2 0.510156 0.280729 0.084375 0.019792
2 0.510938 0.299479 0.082812 0.017708
2 0.467969 0.527083 0.015625 0.081250
2 0.483203 0.528646 0.013281 0.084375
1 0.578125 0.238542 0.090625 0.079167
1 0.666016 0.243229 0.085156 0.078125
1 0.750000 0.246354 0.084375 0.078125
1 0.541016 0.314063 0.046094 0.069792
1 0.586719 0.314063 0.045312 0.067708
1 0.632031 0.314063 0.045312 0.067708
1 0.677344 0.315625 0.045312 0.064583
1 0.723437 0.316146 0.045312 0.063542
1 0.767578 0.316146 0.041406 0.059375
1 0.491016 0.352604 0.052344 0.086458
1 0.545703 0.352604 0.055469 0.086458
1 0.601172 0.349479 0.052344 0.092708
1 0.652734 0.351042 0.050781 0.091667
1 0.705469 0.351562 0.051562 0.094792
1 0.757031 0.351562 0.048438 0.094792
1 0.805859 0.352083 0.049219 0.093750
1 0.489844 0.440625 0.054688 0.087500
1 0.544531 0.440104 0.053125 0.086458
1 0.600000 0.441146 0.053125 0.086458
1 0.652344 0.439583 0.050000 0.085417
1 0.705078 0.440625 0.052344 0.085417
1 0.756641 0.441667 0.050781 0.085417
1 0.805469 0.441146 0.048438 0.084375
1 0.517188 0.527604 0.053125 0.088542
1 0.592578 0.527083 0.097656 0.087500
1 0.689844 0.528125 0.095312 0.087500
1 0.784375 0.526042 0.090625 0.083333
1 0.487891 0.613542 0.053906 0.085417
1 0.545312 0.614583 0.056250 0.085417
1 0.598047 0.614583 0.053906 0.085417
1 0.651953 0.614062 0.052344 0.084375
1 0.703906 0.612500 0.051562 0.083333
1 0.754687 0.611979 0.050000 0.082292
1 0.805078 0.610938 0.050781 0.082292
1 0.283984 0.705729 0.053906 0.092708
1 0.336719 0.711979 0.053125 0.084375
1 0.392578 0.713542 0.055469 0.083333
1 0.446094 0.713542 0.053125 0.083333
1 0.275391 0.791146 0.049219 0.080208
1 0.326562 0.795312 0.053125 0.082292
1 0.380469 0.796354 0.054688 0.082292
1 0.434375 0.797917 0.054688 0.081250
1 0.488672 0.798438 0.052344 0.080208
1 0.541406 0.797917 0.051562 0.081250
1 0.594141 0.797917 0.052344 0.081250
1 0.645312 0.796354 0.051562 0.080208
1 0.696875 0.794271 0.051562 0.082292
1 0.747656 0.791667 0.051562 0.083333
1 0.797266 0.788542 0.052344 0.081250
0 0.225781 0.703646 0.059375 0.098958
0 0.534375 0.707812 0.120313 0.101042
0 0.654297 0.704688 0.116406 0.098958
0 0.769531 0.703125 0.114062 0.102083
0 0.264062 0.868750 0.057813 0.116667
0 0.321875 0.882812 0.057813 0.092708
0 0.381641 0.882812 0.060156 0.090625
0 0.441016 0.885417 0.057031 0.091667
0 0.500391 0.884896 0.060156 0.092708
0 0.560937 0.885417 0.057813 0.091667
0 0.619531 0.883854 0.060937 0.092708
0 0.678125 0.881250 0.059375 0.093750
0 0.734375 0.879687 0.057813 0.092708
0 0.790234 0.875000 0.057031 0.093750
