2 0.164844 0.195312 0.084375 0.019792
2 0.164453 0.214583 0.082031 0.018750
2 0.162891 0.232813 0.085156 0.017708
2 0.162109 0.250521 0.083594 0.017708
2 0.161719 0.269271 0.082812 0.019792
2 0.162109 0.289062 0.083594 0.019792
2 0.161328 0.306771 0.082031 0.019792
2 0.160156 0.325521 0.082812 0.017708
2 0.160156 0.345313 0.081250 0.019792
2 0.160547 0.364583 0.082031 0.018750
2 0.158203 0.383333 0.082031 0.016667
2 0.157422 0.401562 0.082031 0.017708
2 0.156641 0.420312 0.083594 0.017708
2 0.155859 0.439583 0.082031 0.018750
2 0.155859 0.458333 0.082031 0.018750
2 0.156250 0.478125 0.084375 0.018750
2 0.156250 0.495833 0.081250 0.016667
2 0.155859 0.513542 0.082031 0.018750
2 0.153516 0.532292 0.082031 0.016667
2 0.152734 0.551562 0.082031 0.019792
2 0.153516 0.570833 0.082031 0.016667
2 0.155859 0.589063 0.080469 0.017708
2 0.155859 0.607812 0.082031 0.017708
2 0.157031 0.626042 0.084375 0.018750
2 0.157031 0.644792 0.082812 0.018750
2 0.251563 0.185938 0.082812 0.017708
2 0.251172 0.205208 0.085156 0.018750
2 0.252734 0.224479 0.083594 0.019792
2 0.250781 0.243229 0.084375 0.017708
2 0.249219 0.261458 0.084375 0.018750
2 0.248828 0.280729 0.083594 0.017708
2 0.246484 0.298958 0.085156 0.018750
2 0.246484 0.318229 0.082031 0.017708
2 0.245703 0.336979 0.083594 0.017708
2 0.244922 0.355208 0.086719 0.016667
2 0.243359 0.374479 0.086719 0.019792
2 0.242188 0.394271 0.082812 0.017708
2 0.241797 0.413021 0.083594 0.017708
2 0.241406 0.431771 0.082812 0.017708
2 0.240625 0.451042 0.082812 0.018750
2 0.242578 0.470313 0.082031 0.017708
2 0.241797 0.488542 0.083594 0.018750
2 0.241406 0.507812 0.081250 0.019792
2 0.242969 0.528125 0.082812 0.018750
2 0.242188 0.546354 0.084375 0.015625
2 0.242578 0.563542 0.083594 0.016667
2 0.241797 0.582812 0.083594 0.019792
2 0.242578 0.603125 0.083594 0.018750
2 0.241406 0.622917 0.082812 0.018750
2 0.241406 0.641146 0.082812 0.019792
2 0.241016 0.660417 0.082031 0.018750
2 0.339844 0.189583 0.084375 0.020833
2 0.339844 0.207813 0.085938 0.017708
2 0.337891 0.226562 0.085156 0.019792
2 0.336328 0.246354 0.085156 0.017708
2 0.336328 0.263542 0.085156 0.018750
2 0.335156 0.282292 0.085938 0.018750
2 0.332422 0.301042 0.085156 0.018750
2 0.333594 0.319792 0.084375 0.018750
2 0.332422 0.339062 0.086719 0.017708
2 0.333203 0.356771 0.085156 0.017708
2 0.333203 0.376042 0.083594 0.018750
2 0.330469 0.395313 0.085938 0.017708
2 0.329297 0.414583 0.083594 0.018750
2 0.328906 0.432812 0.085938 0.017708
2 0.330859 0.452604 0.086719 0.019792
2 0.329297 0.471354 0.085156 0.017708
2 0.328516 0.490625 0.083594 0.018750
2 0.328125 0.509896 0.082812 0.017708
2 0.328516 0.528125 0.086719 0.018750
2 0.329297 0.547917 0.083594 0.018750
2 0.330078 0.566146 0.085156 0.017708
2 0.328516 0.583854 0.086719 0.017708
2 0.329297 0.603125 0.085156 0.018750
2 0.326562 0.622396 0.084375 0.019792
2 0.327734 0.642708 0.085156 0.018750
2 0.327344 0.661458 0.085938 0.016667
2 0.427344 0.183854 0.085938 0.019792
2 0.426172 0.203646 0.085156 0.017708
2 0.424609 0.222396 0.083594 0.017708
2 0.425000 0.240625 0.084375 0.018750
2 0.424609 0.258854 0.082031 0.017708
2 0.423438 0.278125 0.082812 0.018750
2 0.423438 0.297396 0.084375 0.019792
2 0.379688 0.525000 0.015625 0.081250
2 0.394531 0.526042 0.014063 0.083333
0 0.140234 0.703125 0.061719 0.097917
0 0.448828 0.704688 0.121094 0.098958
0 0.568359 0.702604 0.116406 0.101042
0 0.685156 0.699479 0.112500 0.101042
0 0.179297 0.869792 0.058594 0.118750
0 0.236719 0.881771 0.059375 0.094792
0 0.297656 0.883333 0.060937 0.093750
0 0.357812 0.883333 0.057813 0.091667
0 0.416016 0.883854 0.060156 0.090625
0 0.475781 0.882292 0.057813 0.093750
0 0.535156 0.881771 0.059375 0.094792
0 0.593359 0.879167 0.057031 0.093750
0 0.651172 0.875000 0.058594 0.095833
0 0.706250 0.869792 0.056250 0.095833
1 0.498828 0.234896 0.083594 0.080208
1 0.582812 0.239583 0.084375 0.077083
1 0.667578 0.244271 0.083594 0.080208
1 0.457031 0.310417 0.048438 0.070833
1 0.503906 0.311458 0.046875 0.070833
1 0.550391 0.312500 0.044531 0.070833
1 0.595313 0.313021 0.045312 0.067708
1 0.641406 0.314063 0.045312 0.065625
1 0.685937 0.316667 0.042188 0.064583
1 0.403516 0.349479 0.055469 0.086458
1 0.459375 0.351562 0.056250 0.086458
1 0.513281 0.346354 0.051562 0.096875
1 0.565625 0.348438 0.050000 0.094792
1 0.618359 0.347396 0.052344 0.094792
1 0.669922 0.350521 0.049219 0.092708
1 0.720313 0.350000 0.050000 0.095833
1 0.402734 0.438542 0.058594 0.089583
1 0.458203 0.437500 0.053906 0.087500
1 0.512500 0.438021 0.053125 0.086458
1 0.566406 0.437500 0.051562 0.085417
1 0.617969 0.438542 0.053125 0.085417
1 0.669531 0.438542 0.048438 0.085417
1 0.719141 0.440625 0.049219 0.083333
1 0.429688 0.525000 0.054688 0.087500
1 0.505859 0.525521 0.097656 0.086458
1 0.604297 0.525000 0.097656 0.087500
1 0.699219 0.525000 0.092188 0.085417
1 0.400000 0.610938 0.053125 0.086458
1 0.457813 0.611458 0.054688 0.087500
1 0.512109 0.610938 0.052344 0.086458
1 0.564844 0.610417 0.051562 0.081250
1 0.616406 0.609896 0.051562 0.082292
1 0.667969 0.607812 0.051562 0.082292
1 0.717969 0.607292 0.050000 0.083333
1 0.197266 0.704167 0.052344 0.095833
1 0.251563 0.711979 0.053125 0.082292
1 0.306250 0.710938 0.053125 0.084375
1 0.359766 0.711979 0.052344 0.086458
1 0.188281 0.793229 0.051562 0.080208
1 0.240625 0.795312 0.051562 0.082292
1 0.294922 0.794792 0.055469 0.081250
1 0.349219 0.796354 0.051562 0.082292
1 0.402344 0.797917 0.053125 0.083333
1 0.455859 0.795833 0.052344 0.081250
1 0.508594 0.794792 0.051562 0.083333
1 0.560547 0.792708 0.050781 0.081250
1 0.611719 0.791667 0.051562 0.079167
1 0.664062 0.789062 0.053125 0.082292
1 0.711719 0.784375 0.050000 0.081250
