2 0.355078 0.197917 0.083594 0.020833
2 0.355078 0.218229 0.082031 0.017708
2 0.353125 0.235937 0.081250 0.015625
2 0.353516 0.253125 0.082031 0.018750
2 0.352734 0.271875 0.083594 0.018750
2 0.353516 0.290625 0.082031 0.016667
2 0.351953 0.308333 0.082031 0.018750
2 0.352734 0.328125 0.083594 0.018750
2 0.350781 0.347396 0.084375 0.017708
2 0.350000 0.365104 0.082812 0.017708
2 0.348828 0.383854 0.080469 0.019792
2 0.346484 0.402604 0.082031 0.019792
2 0.346484 0.422396 0.080469 0.017708
2 0.346094 0.441146 0.081250 0.017708
2 0.345313 0.459375 0.082812 0.016667
2 0.346875 0.477604 0.081250 0.017708
2 0.346875 0.495833 0.081250 0.018750
2 0.346094 0.514583 0.081250 0.018750
2 0.343750 0.533854 0.082812 0.017708
2 0.342578 0.550521 0.082031 0.017708
2 0.343750 0.568750 0.082812 0.018750
2 0.345703 0.588542 0.080469 0.020833
2 0.346484 0.606250 0.082031 0.020833
2 0.345313 0.626042 0.082812 0.016667
2 0.346094 0.643229 0.081250 0.021875
2 0.441406 0.188542 0.082812 0.018750
2 0.441016 0.207292 0.085156 0.018750
2 0.442578 0.225521 0.083594 0.017708
2 0.439453 0.244792 0.085156 0.018750
2 0.439844 0.263542 0.082812 0.020833
2 0.438672 0.281771 0.085156 0.019792
2 0.437891 0.301042 0.086719 0.016667
2 0.437891 0.319792 0.082031 0.018750
2 0.437109 0.338021 0.083594 0.017708
2 0.436328 0.356250 0.085156 0.016667
2 0.434375 0.374479 0.084375 0.017708
2 0.433594 0.394271 0.085938 0.017708
2 0.432812 0.413021 0.082812 0.017708
2 0.434375 0.431771 0.087500 0.017708
2 0.431250 0.450000 0.085938 0.018750
2 0.432812 0.469271 0.082812 0.017708
2 0.433984 0.488542 0.085156 0.018750
2 0.432812 0.508333 0.082812 0.016667
2 0.432812 0.527083 0.082812 0.018750
2 0.433203 0.546875 0.085156 0.018750
2 0.433594 0.566146 0.084375 0.019792
2 0.432812 0.584896 0.084375 0.015625
2 0.432422 0.602083 0.083594 0.016667
2 0.431641 0.620833 0.085156 0.018750
2 0.430078 0.639062 0.085156 0.017708
2 0.430859 0.658333 0.083594 0.018750
2 0.528516 0.191146 0.085156 0.017708
2 0.528516 0.209896 0.085156 0.017708
2 0.527734 0.227083 0.083594 0.018750
2 0.525781 0.245833 0.084375 0.018750
2 0.526563 0.264583 0.084375 0.018750
2 0.525391 0.283854 0.083594 0.019792
2 0.524609 0.301563 0.086719 0.015625
2 0.524219 0.319792 0.085938 0.020833
2 0.524609 0.339062 0.085156 0.017708
2 0.524609 0.356250 0.085156 0.016667
2 0.524219 0.375000 0.085938 0.018750
2 0.521484 0.394792 0.085156 0.020833
2 0.521484 0.414062 0.086719 0.017708
2 0.522656 0.433333 0.085938 0.018750
2 0.521875 0.452604 0.085938 0.017708
2 0.521484 0.470833 0.086719 0.016667
2 0.519531 0.490104 0.085938 0.019792
2 0.520312 0.509896 0.084375 0.017708
2 0.519922 0.528125 0.085156 0.018750
2 0.520312 0.547917 0.085938 0.020833
2 0.518750 0.567187 0.087500 0.015625
2 0.517969 0.584375 0.085938 0.016667
2 0.518750 0.603125 0.084375 0.020833
2 0.517969 0.623437 0.084375 0.019792
2 0.517578 0.641667 0.083594 0.014583
2 0.517188 0.659375 0.087500 0.018750
2 0.617188 0.186458 0.082812 0.018750
2 0.615625 0.204687 0.084375 0.017708
2 0.613672 0.222917 0.083594 0.018750
2 0.614062 0.242188 0.084375 0.019792
2 0.612891 0.259896 0.085156 0.019792
2 0.612500 0.279167 0.084375 0.016667
2 0.615234 0.297917 0.083594 0.018750
2 0.570703 0.526042 0.014844 0.081250
2 0.585938 0.526563 0.015625 0.082292
1 0.677344 0.235937 0.089063 0.080208
1 0.764062 0.240625 0.084375 0.079167
1 0.847656 0.245312 0.084375 0.080208
1 0.594531 0.350000 0.054688 0.085417
1 0.649219 0.351562 0.054688 0.088542
1 0.703125 0.347396 0.051562 0.094792
1 0.755469 0.349479 0.053125 0.092708
1 0.808203 0.348958 0.053906 0.095833
1 0.860156 0.350000 0.046875 0.095833
1 0.908594 0.350521 0.050000 0.096875
1 0.593359 0.438021 0.055469 0.088542
1 0.649219 0.438542 0.053125 0.087500
1 0.703906 0.439063 0.054688 0.086458
1 0.756641 0.438542 0.050781 0.085417
1 0.807813 0.439063 0.051562 0.086458
1 0.858984 0.440625 0.049219 0.085417
1 0.907813 0.441667 0.046875 0.085417
1 0.620313 0.526563 0.053125 0.088542
1 0.695703 0.525521 0.099219 0.088542
1 0.794922 0.525521 0.096094 0.088542
1 0.887891 0.527083 0.091406 0.087500
1 0.640625 0.311979 0.042188 0.071875
1 0.684766 0.313542 0.046094 0.072917
1 0.731250 0.315104 0.046875 0.071875
1 0.776953 0.316667 0.042969 0.072917
1 0.822266 0.318750 0.046094 0.070833
1 0.865234 0.319271 0.039844 0.067708
1 0.591016 0.612500 0.055469 0.087500
1 0.648047 0.613021 0.053906 0.084375
1 0.702344 0.613021 0.053125 0.086458
1 0.753906 0.611979 0.053125 0.086458
1 0.805469 0.611979 0.053125 0.086458
1 0.857031 0.613021 0.051562 0.082292
1 0.906250 0.610938 0.050000 0.084375
1 0.385937 0.703646 0.053125 0.092708
1 0.439063 0.709896 0.054688 0.084375
1 0.494141 0.711979 0.055469 0.084375
1 0.548828 0.713021 0.052344 0.084375
1 0.375391 0.788021 0.049219 0.078125
1 0.426563 0.791667 0.053125 0.083333
1 0.482031 0.793750 0.053125 0.081250
1 0.535156 0.796354 0.054688 0.082292
1 0.589453 0.796875 0.052344 0.081250
1 0.642188 0.797917 0.053125 0.083333
1 0.695703 0.797917 0.052344 0.083333
1 0.747266 0.796354 0.053906 0.082292
1 0.797656 0.794792 0.053125 0.081250
1 0.848047 0.793229 0.053906 0.080208
1 0.897656 0.791146 0.051562 0.082292
0 0.327734 0.700521 0.061719 0.096875
0 0.637891 0.706250 0.121094 0.097917
0 0.757422 0.705729 0.117969 0.101042
0 0.871484 0.703646 0.113281 0.098958
0 0.364063 0.864062 0.056250 0.115625
0 0.421094 0.881250 0.057813 0.093750
0 0.481641 0.882292 0.058594 0.093750
0 0.541797 0.883854 0.058594 0.092708
0 0.600781 0.884896 0.060937 0.092708
0 0.659766 0.885417 0.060156 0.093750
0 0.718750 0.884896 0.062500 0.092708
0 0.778125 0.883333 0.062500 0.093750
0 0.833984 0.880729 0.060156 0.092708
0 0.889453 0.877604 0.057031 0.094792
