2 0.319922 0.198958 0.085156 0.020833
2 0.321094 0.218750 0.081250 0.018750
2 0.320312 0.235937 0.082812 0.015625
2 0.319141 0.254167 0.082031 0.018750
2 0.318750 0.272917 0.081250 0.016667
2 0.319922 0.290104 0.083594 0.017708
2 0.319922 0.308854 0.082031 0.019792
2 0.318359 0.328125 0.082031 0.016667
2 0.319531 0.346354 0.081250 0.017708
2 0.317969 0.364583 0.082812 0.016667
2 0.316797 0.382812 0.082031 0.017708
2 0.316406 0.401042 0.081250 0.020833
2 0.316016 0.421875 0.082031 0.018750
2 0.315234 0.440625 0.080469 0.016667
2 0.314844 0.458333 0.082812 0.018750
2 0.316797 0.477083 0.080469 0.018750
2 0.317188 0.496354 0.081250 0.017708
2 0.316406 0.515625 0.082812 0.018750
2 0.314453 0.533333 0.082031 0.016667
2 0.313672 0.551562 0.082031 0.017708
2 0.315234 0.569792 0.082031 0.018750
2 0.317188 0.587500 0.082812 0.016667
2 0.318359 0.606250 0.080469 0.018750
2 0.317969 0.625000 0.079687 0.016667
2 0.319531 0.642708 0.079687 0.018750
2 0.405469 0.187500 0.085938 0.018750
2 0.404687 0.206771 0.082812 0.019792
2 0.405859 0.224479 0.085156 0.021875
2 0.403906 0.243750 0.085938 0.022917
2 0.403906 0.263021 0.084375 0.023958
2 0.404297 0.281771 0.085156 0.023958
2 0.405078 0.300521 0.085156 0.023958
2 0.405078 0.319792 0.083594 0.022917
2 0.404297 0.337500 0.083594 0.018750
2 0.403516 0.357812 0.085156 0.019792
2 0.402734 0.374479 0.086719 0.019792
2 0.402344 0.395313 0.084375 0.019792
2 0.401562 0.412500 0.084375 0.018750
2 0.401562 0.432292 0.084375 0.018750
2 0.401562 0.451042 0.084375 0.018750
2 0.403516 0.469792 0.085156 0.016667
2 0.402344 0.488542 0.084375 0.018750
2 0.403516 0.507812 0.085156 0.019792
2 0.403125 0.527083 0.085938 0.016667
2 0.403906 0.545312 0.084375 0.017708
2 0.404687 0.564063 0.082812 0.017708
2 0.403516 0.582812 0.083594 0.017708
2 0.402734 0.601042 0.083594 0.018750
2 0.402734 0.620313 0.083594 0.017708
2 0.402734 0.638021 0.085156 0.017708
2 0.401562 0.657813 0.084375 0.019792
2 0.491797 0.319271 0.083594 0.017708
2 0.491406 0.338542 0.085938 0.018750
2 0.491406 0.357812 0.084375 0.019792
2 0.492578 0.376042 0.083594 0.016667
2 0.490625 0.394271 0.085938 0.019792
2 0.489844 0.413021 0.087500 0.017708
2 0.491016 0.432292 0.085156 0.020833
2 0.490625 0.452604 0.085938 0.017708
2 0.491406 0.470833 0.085938 0.018750
2 0.489844 0.489063 0.084375 0.017708
2 0.489063 0.508333 0.087500 0.020833
2 0.491797 0.528646 0.086719 0.019792
2 0.489453 0.548438 0.085156 0.017708
2 0.490234 0.565104 0.086719 0.015625
2 0.490234 0.583333 0.086719 0.020833
2 0.490234 0.603646 0.085156 0.019792
2 0.489453 0.623437 0.085156 0.017708
2 0.488281 0.641667 0.084375 0.016667
2 0.487891 0.659896 0.085156 0.017708
2 0.541797 0.526563 0.016406 0.082292
2 0.557422 0.528125 0.014844 0.083333
2 0.480469 0.186979 0.062500 0.017708
2 0.480078 0.204687 0.063281 0.017708
2 0.479687 0.223438 0.062500 0.019792
2 0.478125 0.243229 0.062500 0.019792
2 0.477734 0.262500 0.063281 0.018750
2 0.480859 0.282292 0.061719 0.018750
2 0.480469 0.300521 0.059375 0.017708
2 0.543359 0.183333 0.063281 0.022917
2 0.543359 0.201563 0.061719 0.019792
2 0.543750 0.222917 0.062500 0.022917
2 0.543359 0.240104 0.061719 0.021875
2 0.543359 0.260417 0.061719 0.025000
2 0.543750 0.279167 0.060937 0.020833
2 0.546094 0.298958 0.062500 0.022917
2 0.630859 0.282292 0.085156 0.018750
2 0.631250 0.302083 0.085938 0.018750
2 0.632422 0.321354 0.083594 0.017708
2 0.632812 0.340625 0.084375 0.018750
2 0.632812 0.359896 0.082812 0.019792
2 0.633984 0.378125 0.086719 0.020833
2 0.632812 0.397917 0.085938 0.018750
2 0.633594 0.415625 0.084375 0.016667
2 0.632812 0.433854 0.084375 0.017708
2 0.632812 0.452083 0.085938 0.016667
2 0.633203 0.471354 0.083594 0.019792
1 0.604297 0.225000 0.053906 0.095833
1 0.655469 0.235937 0.076563 0.078125
1 0.733594 0.240104 0.079687 0.076042
1 0.562500 0.350521 0.054688 0.086458
1 0.561719 0.438021 0.054688 0.088542
1 0.591406 0.526563 0.053125 0.086458
1 0.667969 0.525521 0.098437 0.084375
1 0.766406 0.526563 0.095312 0.086458
1 0.860156 0.527083 0.092188 0.085417
1 0.562891 0.611979 0.055469 0.084375
1 0.620313 0.613021 0.053125 0.086458
1 0.674219 0.613021 0.053125 0.086458
1 0.726953 0.613542 0.052344 0.085417
1 0.777344 0.613021 0.051562 0.084375
1 0.829297 0.611458 0.049219 0.083333
1 0.880078 0.610938 0.050781 0.082292
1 0.357422 0.704167 0.052344 0.091667
1 0.411328 0.708854 0.055469 0.084375
1 0.466406 0.711458 0.054688 0.083333
1 0.521875 0.711979 0.053125 0.084375
1 0.348438 0.789062 0.051562 0.080208
1 0.399219 0.792188 0.051562 0.082292
1 0.454688 0.794271 0.051562 0.082292
1 0.507812 0.796354 0.053125 0.082292
1 0.560937 0.796354 0.053125 0.082292
1 0.614453 0.796875 0.052344 0.081250
1 0.667188 0.796875 0.051562 0.081250
1 0.719141 0.795833 0.052344 0.081250
1 0.771094 0.794792 0.051562 0.081250
1 0.821094 0.793229 0.053125 0.082292
1 0.870313 0.790104 0.053125 0.078125
0 0.785547 0.239063 0.105469 0.082292
0 0.874219 0.243229 0.071875 0.080208
0 0.737891 0.327083 0.117969 0.106250
0 0.853906 0.331250 0.112500 0.104167
0 0.736719 0.432812 0.115625 0.103125
0 0.852344 0.433854 0.112500 0.101042
0 0.299609 0.701562 0.058594 0.096875
0 0.609375 0.706250 0.120313 0.102083
0 0.728125 0.705729 0.115625 0.096875
0 0.844531 0.702604 0.114062 0.098958
0 0.337109 0.864583 0.057031 0.116667
0 0.395313 0.880208 0.057813 0.093750
0 0.454688 0.882812 0.057813 0.092708
0 0.513672 0.883854 0.058594 0.092708
0 0.574219 0.885417 0.059375 0.091667
0 0.632812 0.883854 0.060937 0.092708
0 0.692969 0.884375 0.062500 0.093750
0 0.750000 0.882292 0.062500 0.091667
0 0.806641 0.881250 0.060156 0.093750
0 0.862109 0.877604 0.057031 0.092708
