0 0.296484 0.202083 0.078906 0.083333
0 0.375000 0.204167 0.076563 0.081250
0 0.454688 0.205208 0.081250 0.085417
0 0.534766 0.206771 0.078906 0.084375
1 0.800391 0.804167 0.110156 0.110417
1 0.796094 0.894792 0.109375 0.106250
1 0.233984 0.204687 0.047656 0.088542
1 0.599219 0.208333 0.048438 0.093750
1 0.651953 0.212500 0.050781 0.089583
1 0.703906 0.212500 0.053125 0.091667
0 0.787891 0.279167 0.114844 0.106250
0 0.784766 0.379688 0.110156 0.098958
1 0.239063 0.294792 0.050000 0.085417
1 0.313672 0.293229 0.096094 0.086458
1 0.389844 0.294792 0.054688 0.089583
1 0.444531 0.295833 0.053125 0.085417
1 0.525000 0.296875 0.096875 0.087500
1 0.600781 0.300000 0.053125 0.083333
1 0.652734 0.301042 0.049219 0.085417
1 0.703516 0.301042 0.052344 0.085417
1 0.241406 0.380729 0.050000 0.086458
1 0.316797 0.379688 0.097656 0.086458
1 0.418750 0.381771 0.096875 0.086458
1 0.496875 0.383854 0.053125 0.084375
1 0.549609 0.384375 0.050781 0.083333
1 0.601562 0.384896 0.050000 0.084375
1 0.651172 0.385937 0.047656 0.084375
1 0.703125 0.384896 0.054688 0.084375
1 0.245703 0.466146 0.052344 0.084375
1 0.320703 0.467708 0.096094 0.087500
1 0.395703 0.468229 0.053906 0.084375
1 0.451562 0.468750 0.053125 0.085417
1 0.505469 0.469271 0.053125 0.084375
1 0.557422 0.470313 0.050781 0.084375
1 0.608984 0.469792 0.049219 0.083333
1 0.659766 0.469792 0.052344 0.085417
1 0.711719 0.470833 0.050000 0.085417
1 0.762500 0.469792 0.050000 0.083333
1 0.812891 0.471354 0.052344 0.084375
1 0.244141 0.552083 0.052344 0.085417
1 0.319531 0.554167 0.095312 0.083333
1 0.418359 0.554167 0.097656 0.085417
1 0.494922 0.555729 0.055469 0.086458
1 0.551562 0.556250 0.054688 0.083333
1 0.605859 0.553646 0.052344 0.084375
1 0.657813 0.554688 0.051562 0.082292
1 0.709766 0.554688 0.050781 0.080208
1 0.761719 0.553646 0.051562 0.082292
1 0.811719 0.553646 0.046875 0.082292
1 0.243359 0.636979 0.052344 0.084375
1 0.317578 0.638021 0.096094 0.084375
1 0.392969 0.640104 0.054688 0.082292
1 0.448828 0.639062 0.050781 0.082292
1 0.501953 0.641146 0.052344 0.082292
1 0.556250 0.640104 0.054688 0.084375
1 0.607422 0.639062 0.050781 0.084375
1 0.659766 0.638542 0.052344 0.083333
1 0.710938 0.637500 0.050000 0.083333
1 0.762500 0.636458 0.051562 0.083333
1 0.812500 0.636458 0.051562 0.083333
1 0.243359 0.720313 0.050781 0.080208
1 0.320703 0.723437 0.099219 0.084375
1 0.419531 0.723958 0.098437 0.083333
1 0.498828 0.723437 0.050781 0.082292
1 0.553125 0.722917 0.051562 0.081250
1 0.606250 0.722396 0.051562 0.080208
1 0.657813 0.721875 0.048438 0.081250
1 0.707422 0.721354 0.052344 0.082292
1 0.758984 0.720313 0.052344 0.082292
1 0.809375 0.720313 0.051562 0.084375
1 0.243359 0.801562 0.052344 0.082292
1 0.318359 0.803125 0.096094 0.081250
1 0.396875 0.804688 0.050000 0.080208
1 0.449609 0.807292 0.052344 0.081250
1 0.502734 0.806771 0.050781 0.082292
1 0.555078 0.805208 0.050781 0.081250
1 0.606250 0.803646 0.051562 0.082292
1 0.658203 0.803125 0.052344 0.081250
1 0.708984 0.802604 0.053906 0.080208
1 0.758984 0.801042 0.053906 0.081250
1 0.251172 0.877083 0.050781 0.072917
1 0.323828 0.882812 0.094531 0.078125
1 0.423828 0.885417 0.096094 0.079167
1 0.500781 0.887500 0.053125 0.079167
1 0.554297 0.886458 0.050781 0.077083
1 0.605078 0.883854 0.050781 0.078125
1 0.654687 0.882812 0.048438 0.073958
1 0.704688 0.879687 0.050000 0.073958
1 0.756641 0.879687 0.058594 0.076042
