1 0.266016 0.592187 0.050781 0.078125
1 0.309766 0.593750 0.052344 0.077083
1 0.351562 0.593750 0.048438 0.077083
1 0.392969 0.594792 0.045312 0.079167
1 0.434375 0.595833 0.043750 0.079167
1 0.477734 0.594271 0.042969 0.078125
1 0.521875 0.595833 0.045312 0.077083
1 0.563281 0.595833 0.045312 0.077083
1 0.604688 0.595313 0.048438 0.078125
1 0.643750 0.595833 0.050000 0.077083
1 0.682813 0.593750 0.054688 0.077083
1 0.723828 0.592187 0.058594 0.078125
1 0.726953 0.666146 0.044531 0.065625
1 0.684766 0.667188 0.041406 0.065625
1 0.643359 0.668229 0.041406 0.067708
1 0.603125 0.669792 0.040625 0.066667
1 0.561719 0.670312 0.040625 0.067708
1 0.518750 0.670833 0.042188 0.070833
1 0.475781 0.670312 0.042188 0.069792
1 0.432812 0.671354 0.042188 0.069792
1 0.389062 0.669792 0.043750 0.070833
1 0.346875 0.669792 0.043750 0.070833
1 0.305078 0.669792 0.041406 0.072917
1 0.262891 0.668750 0.042969 0.072917
1 0.723437 0.730729 0.040625 0.061458
1 0.682422 0.733333 0.041406 0.064583
1 0.642188 0.734896 0.039062 0.065625
1 0.603125 0.736458 0.040625 0.066667
1 0.560937 0.738542 0.042188 0.066667
1 0.519141 0.738542 0.042969 0.066667
1 0.476953 0.738542 0.042969 0.064583
1 0.432812 0.740104 0.043750 0.063542
1 0.433594 0.805208 0.043750 0.064583
1 0.477344 0.804688 0.043750 0.063542
1 0.521094 0.804167 0.043750 0.064583
1 0.564063 0.803646 0.040625 0.063542
1 0.604297 0.801562 0.041406 0.063542
1 0.644922 0.799479 0.039844 0.061458
1 0.685156 0.797917 0.040625 0.064583
1 0.725000 0.794792 0.039062 0.064583
0 0.282031 0.325000 0.042188 0.077083
0 0.326172 0.325521 0.044531 0.076042
0 0.392969 0.324479 0.089063 0.076042
0 0.460938 0.326042 0.043750 0.075000
0 0.503906 0.328646 0.040625 0.073958
0 0.568750 0.326042 0.087500 0.081250
0 0.634766 0.329688 0.042969 0.073958
0 0.677344 0.328646 0.040625 0.078125
0 0.304688 0.401562 0.087500 0.073958
0 0.370703 0.400521 0.042969 0.073958
0 0.414844 0.401042 0.043750 0.075000
0 0.480859 0.401562 0.088281 0.073958
0 0.547266 0.403125 0.042969 0.070833
0 0.590625 0.404167 0.042188 0.072917
0 0.655078 0.404167 0.085156 0.072917
0 0.281250 0.476042 0.043750 0.075000
0 0.325391 0.477083 0.042969 0.075000
0 0.391406 0.476562 0.087500 0.073958
0 0.457813 0.477604 0.043750 0.073958
0 0.501953 0.477604 0.042969 0.076042
0 0.568359 0.477604 0.086719 0.076042
0 0.633203 0.478125 0.042969 0.075000
0 0.676172 0.478646 0.041406 0.073958
0 0.302734 0.547917 0.086719 0.066667
0 0.369141 0.548958 0.044531 0.068750
0 0.414062 0.548958 0.043750 0.070833
0 0.480078 0.551042 0.088281 0.070833
0 0.545312 0.551562 0.042188 0.069792
0 0.588672 0.551562 0.042969 0.069792
0 0.633594 0.552083 0.045312 0.070833
0 0.676562 0.552083 0.040625 0.070833
0 0.253125 0.730729 0.075000 0.119792
0 0.301953 0.733333 0.067969 0.118750
0 0.352734 0.734375 0.064844 0.118750
0 0.404297 0.734896 0.063281 0.119792
0 0.247266 0.834375 0.052344 0.087500
0 0.298438 0.835417 0.051562 0.085417
0 0.351562 0.836458 0.053125 0.085417
0 0.408203 0.827083 0.061719 0.112500
