0 0.336719 0.324479 0.043750 0.080208
0 0.380859 0.324479 0.042969 0.078125
0 0.448047 0.325000 0.089844 0.077083
0 0.515234 0.327604 0.044531 0.076042
0 0.559375 0.328125 0.040625 0.072917
0 0.623437 0.327604 0.087500 0.080208
0 0.689453 0.329688 0.042969 0.076042
0 0.732031 0.331771 0.042188 0.073958
0 0.359375 0.401042 0.087500 0.072917
0 0.425000 0.401042 0.043750 0.072917
0 0.469531 0.401042 0.043750 0.072917
0 0.535547 0.403125 0.088281 0.072917
0 0.601172 0.404167 0.042969 0.072917
0 0.644922 0.404687 0.042969 0.073958
0 0.710156 0.405208 0.085938 0.075000
0 0.336719 0.475000 0.042188 0.075000
0 0.380078 0.475521 0.044531 0.076042
0 0.445703 0.475521 0.086719 0.076042
0 0.512500 0.477604 0.043750 0.073958
0 0.557031 0.477604 0.043750 0.073958
0 0.622656 0.478125 0.087500 0.075000
0 0.688672 0.479687 0.042969 0.071875
0 0.731250 0.478646 0.042188 0.071875
0 0.358594 0.548438 0.085938 0.071875
0 0.424609 0.551562 0.044531 0.073958
1 0.323437 0.591667 0.054688 0.075000
1 0.365234 0.593750 0.050781 0.077083
1 0.409375 0.594792 0.050000 0.077083
1 0.449609 0.595833 0.047656 0.077083
1 0.490234 0.596354 0.042969 0.080208
1 0.534766 0.596875 0.044531 0.077083
1 0.577734 0.596875 0.046094 0.077083
1 0.617969 0.596875 0.050000 0.077083
1 0.659766 0.597917 0.050781 0.077083
1 0.698828 0.596354 0.053906 0.076042
1 0.739844 0.595833 0.054688 0.075000
1 0.778906 0.594271 0.057813 0.076042
1 0.319141 0.665625 0.042969 0.068750
1 0.361328 0.668229 0.041406 0.067708
1 0.403516 0.669792 0.041406 0.068750
1 0.446094 0.669271 0.042188 0.067708
1 0.488281 0.671875 0.043750 0.068750
1 0.532422 0.671875 0.042969 0.068750
1 0.574609 0.671875 0.041406 0.068750
1 0.616797 0.670833 0.042969 0.068750
1 0.660156 0.670833 0.042188 0.066667
1 0.700391 0.669792 0.044531 0.066667
1 0.739844 0.668750 0.043750 0.068750
1 0.783203 0.667708 0.044531 0.066667
1 0.489844 0.740625 0.040625 0.064583
1 0.532031 0.738542 0.040625 0.064583
1 0.574219 0.739062 0.042188 0.065625
1 0.616016 0.738542 0.041406 0.064583
1 0.658203 0.737500 0.041406 0.066667
1 0.697656 0.736458 0.040625 0.064583
1 0.739062 0.734896 0.042188 0.065625
1 0.777344 0.733854 0.042188 0.063542
1 0.490234 0.804688 0.041406 0.063542
1 0.533203 0.805208 0.042969 0.064583
1 0.576562 0.805208 0.042188 0.064583
1 0.619141 0.803646 0.042969 0.065625
1 0.658984 0.803125 0.041406 0.062500
1 0.701172 0.801042 0.039844 0.064583
1 0.740234 0.800000 0.039844 0.062500
1 0.779687 0.797917 0.042188 0.062500
1 0.308203 0.729688 0.069531 0.119792
1 0.359766 0.732812 0.066406 0.117708
1 0.410938 0.733333 0.065625 0.118750
1 0.461719 0.735938 0.060937 0.117708
1 0.304688 0.832292 0.051562 0.085417
1 0.356250 0.834375 0.053125 0.083333
1 0.407813 0.836458 0.051562 0.087500
1 0.465625 0.827083 0.060937 0.112500
0 0.468359 0.550521 0.042969 0.071875
0 0.534766 0.552083 0.086719 0.072917
0 0.600000 0.552083 0.043750 0.072917
0 0.643750 0.552604 0.042188 0.071875
0 0.687891 0.552604 0.044531 0.071875
0 0.731250 0.552604 0.042188 0.073958
