0 0.428906 0.609896 0.057813 0.103125
0 0.531641 0.697917 0.122656 0.100000
0 0.651172 0.696354 0.116406 0.098958
0 0.764844 0.693750 0.110937 0.102083
0 0.250781 0.692708 0.118750 0.097917
0 0.261719 0.869792 0.059375 0.095833
0 0.320312 0.871875 0.057813 0.091667
0 0.376953 0.874479 0.057031 0.094792
0 0.436328 0.876042 0.057031 0.091667
0 0.495312 0.876042 0.059375 0.091667
0 0.555078 0.876563 0.058594 0.092708
0 0.613281 0.875521 0.060937 0.092708
0 0.673047 0.874479 0.057031 0.090625
0 0.728516 0.870313 0.060156 0.092708
0 0.783984 0.866146 0.060156 0.092708
0 0.282813 0.319792 0.042188 0.075000
0 0.326562 0.319792 0.043750 0.077083
0 0.392969 0.319271 0.089063 0.076042
0 0.462109 0.322396 0.044531 0.073958
0 0.505078 0.324479 0.041406 0.073958
0 0.569922 0.322917 0.086719 0.079167
0 0.635547 0.326042 0.041406 0.072917
0 0.678125 0.325521 0.040625 0.073958
0 0.305078 0.395313 0.088281 0.073958
0 0.371484 0.396354 0.044531 0.073958
0 0.414844 0.397396 0.042188 0.076042
0 0.480859 0.398958 0.088281 0.075000
0 0.548047 0.399479 0.042969 0.073958
0 0.591406 0.400521 0.043750 0.076042
0 0.656641 0.399479 0.085156 0.073958
0 0.281250 0.475521 0.043750 0.084375
0 0.325781 0.476562 0.043750 0.084375
0 0.392578 0.477083 0.088281 0.083333
0 0.458984 0.478125 0.042969 0.081250
0 0.502734 0.477604 0.044531 0.082292
0 0.568750 0.477604 0.087500 0.082292
0 0.635156 0.476042 0.043750 0.079167
0 0.678125 0.476562 0.040625 0.078125
1 0.241016 0.500521 0.102344 0.107292
1 0.335156 0.506250 0.096875 0.104167
1 0.409766 0.507292 0.052344 0.095833
1 0.488281 0.509375 0.101562 0.102083
1 0.588281 0.508333 0.101562 0.104167
1 0.685156 0.507812 0.098437 0.101042
1 0.767188 0.506771 0.117188 0.105208
1 0.216406 0.599479 0.051562 0.088542
1 0.268359 0.599479 0.049219 0.086458
1 0.319141 0.601042 0.052344 0.087500
1 0.372656 0.614062 0.053125 0.088542
1 0.485938 0.603646 0.053125 0.084375
1 0.539062 0.603646 0.053125 0.084375
1 0.592187 0.603125 0.053125 0.085417
1 0.644922 0.603646 0.050781 0.086458
1 0.696484 0.603125 0.052344 0.085417
1 0.747656 0.602083 0.048438 0.083333
1 0.796484 0.602083 0.049219 0.083333
1 0.335938 0.697917 0.053125 0.093750
1 0.388672 0.701562 0.052344 0.088542
1 0.442578 0.705729 0.053906 0.086458
1 0.221484 0.782813 0.053906 0.078125
1 0.273438 0.783854 0.051562 0.078125
1 0.324609 0.785417 0.052344 0.083333
1 0.376953 0.787500 0.050781 0.079167
1 0.429688 0.790104 0.053125 0.082292
1 0.482812 0.789583 0.051562 0.079167
1 0.535547 0.789583 0.052344 0.081250
1 0.588672 0.788542 0.053906 0.081250
1 0.641016 0.788021 0.053906 0.082292
1 0.692578 0.785937 0.053906 0.080208
1 0.742578 0.784896 0.053906 0.078125
1 0.791406 0.782813 0.051562 0.078125
