0 0.325781 0.422917 0.059375 0.104167
0 0.326562 0.614062 0.059375 0.103125
0 0.122266 0.693229 0.060156 0.096875
0 0.180078 0.695312 0.061719 0.098958
0 0.430469 0.699479 0.121875 0.101042
0 0.550000 0.698958 0.117188 0.102083
0 0.666016 0.693229 0.113281 0.101042
0 0.163672 0.873958 0.060156 0.093750
0 0.222266 0.874479 0.060156 0.094792
0 0.279297 0.876042 0.060156 0.091667
0 0.337500 0.877083 0.057813 0.091667
0 0.396875 0.878646 0.060937 0.094792
0 0.456250 0.878125 0.059375 0.093750
0 0.516406 0.877083 0.060937 0.095833
0 0.574609 0.873958 0.060156 0.093750
0 0.632031 0.870313 0.057813 0.092708
0 0.687500 0.864062 0.056250 0.094792
1 0.117969 0.262500 0.051562 0.087500
1 0.169922 0.261458 0.050781 0.085417
1 0.222266 0.257812 0.052344 0.086458
1 0.271094 0.257812 0.054688 0.088542
1 0.324219 0.257292 0.051562 0.089583
1 0.377734 0.255729 0.053906 0.090625
1 0.432031 0.256250 0.053125 0.091667
1 0.485938 0.257292 0.053125 0.089583
1 0.540234 0.258854 0.053906 0.086458
1 0.593359 0.264062 0.052344 0.086458
1 0.645703 0.265104 0.052344 0.088542
1 0.696094 0.267188 0.050000 0.086458
1 0.137891 0.346875 0.092969 0.083333
1 0.210547 0.346354 0.050781 0.084375
1 0.261719 0.344271 0.051562 0.084375
1 0.320703 0.336979 0.063281 0.069792
1 0.383203 0.344792 0.055469 0.087500
1 0.438281 0.343750 0.054688 0.085417
1 0.493359 0.346354 0.052344 0.086458
1 0.545703 0.345833 0.052344 0.085417
1 0.600000 0.348958 0.053125 0.083333
1 0.650391 0.351562 0.049219 0.080208
1 0.699609 0.351562 0.049219 0.082292
1 0.116406 0.432812 0.048438 0.084375
1 0.165625 0.432292 0.050000 0.083333
1 0.216797 0.431250 0.050781 0.083333
1 0.268750 0.431250 0.053125 0.087500
1 0.383203 0.431771 0.055469 0.084375
1 0.437891 0.431250 0.055469 0.087500
1 0.492969 0.432292 0.053125 0.087500
1 0.546875 0.432292 0.054688 0.085417
1 0.600391 0.434375 0.050781 0.085417
1 0.650391 0.433854 0.049219 0.084375
1 0.699609 0.435417 0.047656 0.083333
1 0.136328 0.516146 0.092969 0.084375
1 0.207031 0.517188 0.051562 0.086458
1 0.258594 0.519271 0.053125 0.086458
1 0.311328 0.518229 0.052344 0.086458
1 0.389062 0.519271 0.100000 0.086458
1 0.487891 0.519271 0.097656 0.084375
1 0.584766 0.519792 0.094531 0.087500
1 0.678906 0.519792 0.093750 0.085417
1 0.116797 0.602604 0.049219 0.084375
1 0.166406 0.603125 0.048438 0.085417
1 0.216797 0.605729 0.052344 0.086458
1 0.270313 0.615625 0.054688 0.089583
1 0.384766 0.606771 0.053906 0.084375
1 0.438281 0.606250 0.051562 0.085417
1 0.492188 0.605729 0.053125 0.084375
1 0.544922 0.605208 0.050781 0.085417
1 0.595703 0.605208 0.050781 0.085417
1 0.647266 0.604688 0.050781 0.080208
1 0.697266 0.602604 0.049219 0.080208
1 0.236328 0.702604 0.052344 0.090625
1 0.289062 0.703646 0.053125 0.086458
1 0.342187 0.707812 0.051562 0.086458
1 0.123047 0.785937 0.055469 0.082292
1 0.173828 0.786458 0.050781 0.081250
1 0.225000 0.786979 0.050000 0.080208
1 0.276562 0.789583 0.053125 0.083333
1 0.330469 0.790104 0.053125 0.080208
1 0.382812 0.790625 0.053125 0.081250
1 0.437109 0.790625 0.052344 0.081250
1 0.489453 0.790625 0.049219 0.081250
1 0.541016 0.787500 0.052344 0.081250
1 0.593359 0.786979 0.050781 0.082292
1 0.644531 0.784375 0.050000 0.081250
1 0.694141 0.781250 0.049219 0.083333
