0 0.482422 0.423958 0.060156 0.104167
0 0.483203 0.613542 0.060156 0.100000
0 0.276953 0.691146 0.057031 0.098958
0 0.335156 0.692708 0.059375 0.097917
0 0.584766 0.699479 0.121094 0.101042
0 0.703516 0.698438 0.116406 0.098958
0 0.819141 0.695833 0.113281 0.102083
0 0.315234 0.868750 0.057031 0.091667
0 0.373828 0.871354 0.057031 0.092708
0 0.432031 0.874479 0.057813 0.092708
0 0.490234 0.876563 0.057031 0.090625
0 0.549609 0.877604 0.061719 0.094792
0 0.608594 0.878125 0.060937 0.093750
0 0.667969 0.877604 0.062500 0.092708
0 0.726562 0.876042 0.059375 0.091667
0 0.782031 0.874479 0.060937 0.092708
0 0.837500 0.870313 0.059375 0.094792
1 0.274609 0.265104 0.052344 0.082292
1 0.326172 0.262500 0.050781 0.083333
1 0.379297 0.261979 0.053906 0.086458
1 0.429688 0.260417 0.054688 0.085417
1 0.486719 0.260937 0.051562 0.088542
1 0.541797 0.259375 0.053906 0.089583
1 0.596094 0.259896 0.053125 0.088542
1 0.648828 0.260417 0.052344 0.087500
1 0.701953 0.262500 0.052344 0.087500
1 0.753516 0.265104 0.050781 0.084375
1 0.805078 0.266667 0.050781 0.087500
1 0.855859 0.266146 0.047656 0.090625
1 0.294922 0.347917 0.094531 0.083333
1 0.367969 0.347396 0.051562 0.082292
1 0.420703 0.346354 0.050781 0.084375
1 0.479297 0.338542 0.066406 0.066667
1 0.541016 0.347396 0.055469 0.084375
1 0.596484 0.347396 0.052344 0.086458
1 0.650000 0.347917 0.054688 0.085417
1 0.703906 0.348958 0.051562 0.085417
1 0.754687 0.351042 0.050000 0.085417
1 0.804688 0.352083 0.050000 0.083333
1 0.854297 0.352083 0.046094 0.083333
1 0.273047 0.433333 0.050781 0.083333
1 0.323828 0.432292 0.050781 0.085417
1 0.374219 0.432812 0.051562 0.084375
1 0.426563 0.431771 0.051562 0.088542
1 0.540234 0.433854 0.053906 0.086458
1 0.594922 0.433333 0.052344 0.085417
1 0.649609 0.433333 0.055469 0.085417
1 0.703906 0.434896 0.051562 0.084375
1 0.755859 0.434896 0.050781 0.084375
1 0.805469 0.437500 0.048438 0.083333
1 0.854297 0.435937 0.049219 0.084375
1 0.293359 0.517708 0.092969 0.083333
1 0.366016 0.517708 0.050781 0.083333
1 0.417187 0.519271 0.051562 0.084375
1 0.469922 0.519792 0.052344 0.085417
1 0.546094 0.519271 0.100000 0.086458
1 0.644141 0.519792 0.096094 0.085417
1 0.740234 0.520312 0.096094 0.084375
1 0.833594 0.521354 0.089063 0.084375
1 0.271875 0.601562 0.050000 0.082292
1 0.322656 0.601562 0.050000 0.084375
1 0.374219 0.603646 0.053125 0.084375
1 0.426953 0.614583 0.052344 0.093750
1 0.540234 0.605729 0.052344 0.086458
1 0.594141 0.606250 0.052344 0.085417
1 0.647266 0.606771 0.052344 0.084375
1 0.700000 0.606250 0.050000 0.085417
1 0.750781 0.606250 0.051562 0.085417
1 0.801172 0.606771 0.049219 0.084375
1 0.850781 0.604688 0.050000 0.082292
1 0.392188 0.700521 0.053125 0.092708
1 0.444922 0.703125 0.052344 0.087500
1 0.498047 0.707292 0.053906 0.083333
1 0.275781 0.780729 0.053125 0.080208
1 0.327734 0.782292 0.049219 0.081250
1 0.377734 0.783854 0.050781 0.084375
1 0.430078 0.786458 0.052344 0.081250
1 0.484375 0.790625 0.053125 0.083333
1 0.537891 0.790625 0.052344 0.081250
1 0.590625 0.791667 0.053125 0.081250
1 0.642969 0.790104 0.053125 0.082292
1 0.694531 0.790625 0.054688 0.083333
1 0.746094 0.789062 0.054688 0.080208
1 0.796484 0.788021 0.053906 0.082292
1 0.846484 0.786458 0.052344 0.083333
