0 0.276953 0.710938 0.061719 0.098958
0 0.587109 0.716146 0.121094 0.101042
0 0.707422 0.714583 0.117969 0.100000
0 0.823828 0.711979 0.114844 0.101042
0 0.313281 0.876042 0.057813 0.118750
0 0.371484 0.890625 0.058594 0.102083
0 0.432031 0.893750 0.057813 0.095833
0 0.491797 0.894792 0.060156 0.091667
0 0.551953 0.895312 0.058594 0.092708
0 0.611719 0.894271 0.060937 0.092708
0 0.671094 0.895312 0.062500 0.094792
0 0.728906 0.892708 0.060937 0.095833
0 0.787109 0.890104 0.061719 0.094792
0 0.842969 0.885938 0.059375 0.096875
1 0.800391 0.250521 0.085156 0.080208
1 0.716016 0.247917 0.083594 0.079167
1 0.631641 0.243750 0.083594 0.079167
1 0.638281 0.326042 0.046875 0.083333
1 0.591406 0.325000 0.046875 0.083333
1 0.684375 0.325000 0.046875 0.083333
1 0.729688 0.326042 0.042188 0.079167
1 0.775391 0.326562 0.047656 0.080208
1 0.819141 0.326042 0.038281 0.077083
1 0.544141 0.358854 0.055469 0.088542
1 0.600391 0.358854 0.053906 0.086458
1 0.653906 0.355729 0.053125 0.094792
1 0.706250 0.357292 0.051562 0.091667
1 0.759375 0.357292 0.051562 0.093750
1 0.810547 0.358854 0.049219 0.094792
1 0.860547 0.358333 0.050781 0.095833
1 0.542188 0.447396 0.057813 0.090625
1 0.597656 0.445833 0.054688 0.087500
1 0.653516 0.447396 0.053906 0.088542
1 0.706641 0.447917 0.050781 0.087500
1 0.758203 0.448958 0.052344 0.087500
1 0.810156 0.448958 0.051562 0.085417
1 0.859766 0.448958 0.046094 0.085417
1 0.569922 0.535417 0.053906 0.087500
1 0.647266 0.535417 0.097656 0.087500
1 0.744922 0.535417 0.096094 0.087500
1 0.839453 0.535417 0.092969 0.085417
1 0.540234 0.622396 0.053906 0.086458
1 0.599219 0.622396 0.054688 0.084375
1 0.652344 0.621875 0.053125 0.085417
1 0.704688 0.620833 0.051562 0.085417
1 0.757031 0.621875 0.051562 0.083333
1 0.808594 0.619792 0.054688 0.081250
1 0.857812 0.618750 0.051562 0.083333
1 0.333984 0.713542 0.052344 0.093750
1 0.388281 0.720833 0.054688 0.083333
1 0.442969 0.721875 0.056250 0.085417
1 0.497656 0.722917 0.053125 0.085417
1 0.323437 0.799479 0.050000 0.078125
1 0.375391 0.802604 0.053906 0.082292
1 0.431250 0.805729 0.053125 0.082292
1 0.485156 0.807292 0.053125 0.081250
1 0.540234 0.808333 0.053906 0.081250
1 0.593750 0.807813 0.053125 0.078125
1 0.646094 0.806771 0.051562 0.082292
1 0.697656 0.805208 0.054688 0.083333
1 0.750391 0.804167 0.050781 0.081250
1 0.800781 0.802604 0.051562 0.080208
1 0.849609 0.800521 0.050781 0.082292
2 0.302734 0.204687 0.085156 0.021875
2 0.303516 0.223958 0.083594 0.018750
2 0.301172 0.242708 0.083594 0.016667
2 0.299609 0.260937 0.083594 0.017708
2 0.300781 0.279167 0.082812 0.018750
2 0.300391 0.296875 0.083594 0.018750
2 0.300000 0.316667 0.081250 0.018750
2 0.300000 0.335417 0.084375 0.016667
2 0.298828 0.353646 0.083594 0.019792
2 0.297656 0.372917 0.082812 0.016667
2 0.296875 0.391667 0.082812 0.018750
2 0.295703 0.410938 0.080469 0.019792
2 0.294141 0.430729 0.082031 0.019792
2 0.294531 0.448437 0.082812 0.017708
2 0.292969 0.466667 0.082812 0.018750
2 0.294531 0.486458 0.081250 0.018750
2 0.295312 0.505208 0.082812 0.018750
2 0.295312 0.522917 0.082812 0.016667
2 0.291797 0.542708 0.083594 0.020833
2 0.291016 0.561458 0.082031 0.018750
2 0.291406 0.578125 0.081250 0.018750
2 0.294141 0.597917 0.082031 0.018750
2 0.294141 0.615104 0.083594 0.019792
2 0.294141 0.634375 0.085156 0.018750
2 0.295703 0.653125 0.083594 0.016667
2 0.389453 0.194792 0.086719 0.016667
2 0.390234 0.213021 0.085156 0.019792
2 0.392188 0.233333 0.085938 0.018750
2 0.389062 0.252604 0.084375 0.017708
2 0.389453 0.270833 0.085156 0.018750
2 0.387109 0.290104 0.086719 0.019792
2 0.386328 0.309896 0.085156 0.017708
2 0.385547 0.326562 0.083594 0.017708
2 0.384375 0.344792 0.084375 0.016667
2 0.383984 0.364063 0.085156 0.017708
2 0.382812 0.383854 0.087500 0.019792
2 0.382422 0.403125 0.085156 0.016667
2 0.380859 0.420833 0.085156 0.018750
2 0.382031 0.440625 0.085938 0.018750
2 0.381250 0.460417 0.085938 0.018750
2 0.381641 0.479687 0.083594 0.019792
2 0.382031 0.497396 0.084375 0.017708
2 0.381250 0.516667 0.084375 0.018750
2 0.380859 0.536458 0.083594 0.020833
2 0.380078 0.556771 0.085156 0.019792
2 0.381641 0.575000 0.083594 0.016667
2 0.381250 0.592708 0.084375 0.018750
2 0.381250 0.610938 0.084375 0.017708
2 0.379688 0.630208 0.084375 0.018750
2 0.379688 0.649479 0.084375 0.019792
2 0.378906 0.670312 0.085938 0.019792
2 0.477734 0.196875 0.085156 0.020833
2 0.478516 0.217188 0.086719 0.017708
2 0.477344 0.235417 0.084375 0.016667
2 0.475391 0.253125 0.085156 0.018750
2 0.475000 0.271875 0.084375 0.018750
2 0.475391 0.289583 0.086719 0.018750
2 0.473047 0.307812 0.085156 0.019792
2 0.472266 0.327083 0.085156 0.018750
2 0.473438 0.346875 0.085938 0.018750
2 0.472266 0.366667 0.086719 0.018750
2 0.473047 0.385417 0.086719 0.016667
2 0.470313 0.403646 0.085938 0.017708
2 0.469922 0.422917 0.088281 0.020833
2 0.469922 0.442188 0.088281 0.017708
2 0.469922 0.459896 0.086719 0.017708
2 0.468359 0.478646 0.086719 0.017708
2 0.469141 0.497396 0.088281 0.021875
2 0.469141 0.518750 0.088281 0.020833
2 0.469141 0.538542 0.088281 0.018750
2 0.468359 0.557813 0.086719 0.019792
2 0.467187 0.576042 0.085938 0.016667
2 0.467969 0.594271 0.085938 0.017708
2 0.467969 0.613542 0.084375 0.018750
2 0.466406 0.632812 0.087500 0.019792
2 0.466016 0.651563 0.085156 0.019792
2 0.466406 0.670833 0.085938 0.020833
2 0.565625 0.192188 0.084375 0.019792
2 0.565625 0.210938 0.084375 0.017708
2 0.564453 0.229167 0.083594 0.018750
2 0.563281 0.247396 0.082812 0.019792
2 0.564063 0.266667 0.082812 0.016667
2 0.561719 0.286458 0.084375 0.020833
2 0.562500 0.305729 0.084375 0.017708
2 0.520703 0.534896 0.016406 0.084375
2 0.537109 0.536979 0.014844 0.084375
