2 0.180078 0.195312 0.086719 0.019792
2 0.180469 0.215104 0.084375 0.017708
2 0.178906 0.233854 0.082812 0.017708
2 0.177344 0.251563 0.084375 0.017708
2 0.178516 0.270833 0.083594 0.018750
2 0.178906 0.287500 0.082812 0.018750
2 0.176563 0.306771 0.081250 0.017708
2 0.176953 0.325000 0.083594 0.018750
2 0.176172 0.344271 0.080469 0.017708
2 0.174609 0.363542 0.080469 0.020833
2 0.173828 0.383333 0.082031 0.018750
2 0.172266 0.401562 0.082031 0.015625
2 0.171484 0.419271 0.082031 0.019792
2 0.171094 0.439063 0.081250 0.021875
2 0.169531 0.458854 0.082812 0.017708
2 0.171875 0.477604 0.081250 0.017708
2 0.172266 0.496354 0.080469 0.019792
2 0.171094 0.514062 0.084375 0.015625
2 0.168750 0.533333 0.081250 0.020833
2 0.168359 0.553125 0.083594 0.016667
2 0.169141 0.570312 0.082031 0.015625
2 0.171875 0.588021 0.079687 0.019792
2 0.172656 0.607812 0.081250 0.017708
2 0.172656 0.626042 0.079687 0.016667
2 0.172656 0.645312 0.079687 0.017708
2 0.266797 0.186458 0.082031 0.018750
2 0.267188 0.205729 0.084375 0.017708
2 0.267969 0.224479 0.084375 0.019792
2 0.265234 0.243229 0.086719 0.015625
2 0.264453 0.261458 0.085156 0.020833
2 0.262891 0.281250 0.085156 0.016667
2 0.261719 0.298958 0.084375 0.018750
2 0.260937 0.318229 0.082812 0.017708
2 0.260156 0.337500 0.084375 0.018750
2 0.260156 0.356771 0.085938 0.017708
2 0.258594 0.374479 0.084375 0.017708
2 0.258594 0.393750 0.084375 0.020833
2 0.258594 0.413542 0.084375 0.016667
2 0.256641 0.431771 0.085156 0.017708
2 0.255469 0.450521 0.084375 0.019792
2 0.257422 0.470833 0.082031 0.018750
2 0.257031 0.489583 0.084375 0.016667
2 0.256641 0.508333 0.085156 0.020833
2 0.257422 0.527083 0.083594 0.016667
2 0.256641 0.545833 0.083594 0.018750
2 0.257422 0.564583 0.083594 0.016667
2 0.258203 0.583333 0.083594 0.018750
2 0.258203 0.602083 0.083594 0.018750
2 0.257031 0.620833 0.081250 0.016667
2 0.257031 0.640625 0.082812 0.020833
2 0.255078 0.658333 0.082031 0.016667
2 0.354297 0.189583 0.086719 0.018750
2 0.355078 0.207813 0.083594 0.017708
2 0.353906 0.227083 0.082812 0.018750
2 0.351953 0.246354 0.085156 0.017708
2 0.351562 0.264583 0.085938 0.018750
2 0.351172 0.282813 0.085156 0.017708
2 0.349219 0.300521 0.085938 0.017708
2 0.348438 0.318750 0.085938 0.018750
2 0.348047 0.337500 0.085156 0.018750
2 0.347656 0.355208 0.082812 0.018750
2 0.348828 0.374479 0.085156 0.017708
2 0.344922 0.394271 0.088281 0.019792
2 0.344141 0.413542 0.083594 0.018750
2 0.345313 0.432812 0.085938 0.017708
2 0.344531 0.451042 0.084375 0.016667
2 0.344531 0.469792 0.084375 0.020833
2 0.343750 0.489583 0.085938 0.016667
2 0.343359 0.507292 0.085156 0.020833
2 0.343359 0.527604 0.085156 0.017708
2 0.343359 0.546875 0.086719 0.018750
2 0.344141 0.565625 0.083594 0.018750
2 0.343359 0.584375 0.086719 0.018750
2 0.342578 0.603646 0.083594 0.019792
2 0.343750 0.622917 0.085938 0.018750
2 0.341797 0.641667 0.085156 0.016667
2 0.343359 0.660417 0.085156 0.020833
2 0.394531 0.524479 0.014063 0.082292
2 0.409375 0.526042 0.015625 0.083333
2 0.441016 0.184375 0.085156 0.020833
2 0.441016 0.204167 0.085156 0.018750
2 0.440625 0.221875 0.082812 0.018750
2 0.439063 0.240104 0.085938 0.017708
2 0.440234 0.259375 0.083594 0.020833
2 0.438672 0.277604 0.083594 0.019792
2 0.439453 0.296875 0.085156 0.018750
1 0.419531 0.349479 0.056250 0.084375
1 0.474219 0.351042 0.056250 0.085417
1 0.511328 0.234896 0.086719 0.082292
1 0.596484 0.240625 0.085156 0.077083
1 0.682422 0.244271 0.085156 0.080208
1 0.471875 0.314063 0.045312 0.076042
1 0.518359 0.314063 0.046094 0.073958
1 0.564844 0.316146 0.045312 0.073958
1 0.610547 0.316146 0.044531 0.071875
1 0.655859 0.317708 0.047656 0.068750
1 0.700000 0.318229 0.040625 0.067708
1 0.528906 0.347396 0.053125 0.092708
1 0.580859 0.348438 0.052344 0.090625
1 0.633203 0.348958 0.053906 0.093750
1 0.685547 0.350521 0.049219 0.092708
1 0.734766 0.348438 0.047656 0.098958
1 0.416797 0.436979 0.057031 0.088542
1 0.472266 0.437500 0.053906 0.085417
1 0.527734 0.438021 0.053906 0.084375
1 0.581250 0.438542 0.050000 0.085417
1 0.632812 0.438021 0.051562 0.084375
1 0.683984 0.439063 0.050781 0.082292
1 0.733984 0.438542 0.049219 0.083333
1 0.444531 0.525000 0.053125 0.089583
1 0.521094 0.525000 0.100000 0.089583
1 0.619922 0.525000 0.097656 0.085417
1 0.713672 0.523958 0.091406 0.087500
1 0.414453 0.611458 0.053906 0.085417
1 0.473047 0.612500 0.053906 0.085417
1 0.526953 0.610417 0.053906 0.085417
1 0.580078 0.610938 0.050781 0.086458
1 0.631641 0.609896 0.050781 0.084375
1 0.682813 0.609375 0.050000 0.083333
1 0.733594 0.608333 0.050000 0.083333
1 0.212109 0.705729 0.052344 0.090625
1 0.266797 0.710938 0.053906 0.084375
1 0.321484 0.712500 0.053906 0.083333
1 0.375781 0.712500 0.054688 0.083333
1 0.204297 0.790104 0.050781 0.080208
1 0.257031 0.794792 0.054688 0.081250
1 0.310156 0.796354 0.053125 0.080208
1 0.364063 0.796875 0.053125 0.081250
1 0.416406 0.796354 0.053125 0.080208
1 0.470703 0.796354 0.052344 0.080208
1 0.522656 0.794792 0.051562 0.081250
1 0.575000 0.793229 0.051562 0.082292
1 0.626563 0.790625 0.051562 0.083333
1 0.679688 0.788021 0.053125 0.082292
1 0.727344 0.785937 0.050000 0.082292
0 0.462891 0.704167 0.121094 0.100000
0 0.583984 0.702604 0.117969 0.098958
0 0.699609 0.699479 0.113281 0.098958
0 0.155078 0.703125 0.058594 0.097917
0 0.194531 0.869792 0.057813 0.114583
0 0.252344 0.881771 0.059375 0.094792
0 0.312109 0.883333 0.060156 0.091667
0 0.370703 0.883333 0.060156 0.089583
0 0.431641 0.882812 0.060156 0.092708
0 0.490625 0.883333 0.057813 0.091667
0 0.549609 0.881250 0.060156 0.093750
0 0.609375 0.878646 0.059375 0.090625
0 0.665234 0.874479 0.058594 0.092708
0 0.720313 0.870833 0.056250 0.093750
