2 0.226953 0.197396 0.083594 0.019792
2 0.227344 0.215625 0.084375 0.016667
2 0.226562 0.235417 0.081250 0.018750
2 0.226172 0.253646 0.083594 0.017708
2 0.225781 0.271875 0.084375 0.016667
2 0.226562 0.289062 0.082812 0.017708
2 0.225781 0.307292 0.082812 0.018750
2 0.226562 0.327083 0.085938 0.018750
2 0.225391 0.346354 0.082031 0.017708
2 0.226562 0.364583 0.082812 0.016667
2 0.223438 0.382292 0.084375 0.018750
2 0.222266 0.401562 0.082031 0.017708
2 0.221875 0.418750 0.082812 0.018750
2 0.221094 0.438542 0.082812 0.020833
2 0.221094 0.458854 0.081250 0.019792
2 0.223828 0.478646 0.080469 0.017708
2 0.224609 0.497396 0.080469 0.017708
2 0.223828 0.515104 0.082031 0.017708
2 0.220703 0.533333 0.080469 0.016667
2 0.221484 0.551562 0.082031 0.017708
2 0.220703 0.570312 0.080469 0.017708
2 0.223828 0.589063 0.078906 0.017708
2 0.224609 0.608333 0.082031 0.018750
2 0.224609 0.626042 0.082031 0.016667
2 0.226562 0.643750 0.082812 0.016667
2 0.312109 0.185938 0.085156 0.019792
2 0.310547 0.206250 0.083594 0.020833
2 0.312109 0.224479 0.082031 0.021875
2 0.309766 0.242188 0.083594 0.021875
2 0.310547 0.263021 0.083594 0.023958
2 0.310937 0.280729 0.084375 0.021875
2 0.310547 0.300000 0.083594 0.022917
2 0.310547 0.319271 0.085156 0.019792
2 0.310156 0.336979 0.085938 0.019792
2 0.310156 0.354687 0.084375 0.017708
2 0.307812 0.374479 0.084375 0.019792
2 0.308203 0.393750 0.083594 0.018750
2 0.307422 0.412500 0.083594 0.018750
2 0.307812 0.431771 0.082812 0.019792
2 0.307031 0.450521 0.084375 0.017708
2 0.308984 0.469271 0.082031 0.019792
2 0.308984 0.488542 0.083594 0.016667
2 0.308203 0.507292 0.085156 0.018750
2 0.309766 0.527083 0.083594 0.018750
2 0.308203 0.545312 0.082031 0.017708
2 0.309766 0.564583 0.085156 0.018750
2 0.309375 0.583854 0.081250 0.017708
2 0.309375 0.601562 0.082812 0.017708
2 0.309375 0.620313 0.084375 0.019792
2 0.309375 0.639583 0.082812 0.018750
2 0.308984 0.659375 0.082031 0.018750
2 0.386719 0.185417 0.060937 0.016667
2 0.385547 0.203646 0.063281 0.017708
2 0.384766 0.222917 0.064844 0.018750
2 0.383203 0.242188 0.063281 0.017708
2 0.383984 0.260937 0.060156 0.019792
2 0.385937 0.280729 0.062500 0.017708
2 0.386328 0.299479 0.063281 0.019792
2 0.450000 0.183333 0.062500 0.022917
2 0.449219 0.200521 0.060937 0.019792
2 0.450391 0.221875 0.061719 0.022917
2 0.448828 0.240104 0.063281 0.021875
2 0.448828 0.259375 0.061719 0.022917
2 0.450391 0.277083 0.061719 0.022917
2 0.451953 0.296354 0.061719 0.021875
2 0.396875 0.319792 0.084375 0.018750
2 0.397656 0.338021 0.084375 0.019792
2 0.397266 0.357292 0.083594 0.016667
2 0.396875 0.375521 0.087500 0.017708
2 0.394922 0.394792 0.085156 0.018750
2 0.394531 0.413542 0.084375 0.016667
2 0.395703 0.432292 0.083594 0.018750
2 0.396875 0.451042 0.084375 0.016667
2 0.396484 0.469792 0.085156 0.018750
2 0.395313 0.489063 0.084375 0.017708
2 0.394141 0.507812 0.085156 0.019792
2 0.396094 0.528125 0.084375 0.018750
2 0.396094 0.547917 0.084375 0.020833
2 0.396484 0.566667 0.085156 0.016667
2 0.396094 0.584896 0.084375 0.017708
2 0.396484 0.603125 0.083594 0.018750
2 0.395703 0.621875 0.085156 0.016667
2 0.394922 0.640625 0.083594 0.018750
2 0.395313 0.658854 0.084375 0.017708
2 0.536328 0.281771 0.086719 0.019792
2 0.537891 0.301563 0.085156 0.017708
2 0.539453 0.320312 0.085156 0.019792
2 0.538672 0.339062 0.083594 0.017708
2 0.539062 0.357812 0.085938 0.019792
2 0.539062 0.378125 0.084375 0.020833
2 0.539453 0.395313 0.085156 0.019792
2 0.538281 0.414583 0.084375 0.018750
2 0.538672 0.433854 0.083594 0.017708
2 0.540234 0.452604 0.085156 0.019792
2 0.539844 0.471875 0.087500 0.016667
2 0.448047 0.525521 0.016406 0.082292
2 0.462500 0.526563 0.015625 0.082292
0 0.695703 0.238542 0.099219 0.079167
0 0.781250 0.243750 0.070312 0.079167
0 0.642969 0.327604 0.118750 0.105208
0 0.760547 0.330729 0.113281 0.103125
0 0.642969 0.430729 0.120313 0.101042
0 0.759766 0.432292 0.113281 0.100000
0 0.515625 0.705208 0.120313 0.097917
0 0.635938 0.703646 0.117188 0.101042
0 0.752734 0.699479 0.113281 0.101042
0 0.207813 0.701042 0.060937 0.095833
0 0.246875 0.866667 0.056250 0.114583
0 0.305078 0.880729 0.060156 0.094792
0 0.365234 0.881771 0.061719 0.092708
0 0.424609 0.883333 0.058594 0.091667
0 0.483203 0.883333 0.058594 0.091667
0 0.542969 0.883333 0.059375 0.093750
0 0.601172 0.881771 0.060156 0.094792
0 0.660156 0.879167 0.059375 0.093750
0 0.717187 0.876563 0.059375 0.094792
0 0.771875 0.871875 0.056250 0.093750
1 0.511328 0.223438 0.053906 0.094792
1 0.564844 0.234896 0.081250 0.078125
1 0.650781 0.238542 0.090625 0.075000
1 0.469141 0.350521 0.055469 0.088542
1 0.468359 0.439063 0.055469 0.090625
1 0.497656 0.525521 0.053125 0.086458
1 0.574219 0.525000 0.100000 0.085417
1 0.673047 0.526042 0.097656 0.087500
1 0.767969 0.525521 0.090625 0.086458
1 0.468750 0.611979 0.054688 0.086458
1 0.525391 0.611458 0.053906 0.085417
1 0.579688 0.611458 0.053125 0.085417
1 0.633203 0.610938 0.052344 0.082292
1 0.684766 0.610417 0.052344 0.083333
1 0.736328 0.609375 0.050781 0.083333
1 0.786719 0.608854 0.048438 0.082292
1 0.264844 0.703646 0.053125 0.092708
1 0.319531 0.710417 0.054688 0.083333
1 0.373437 0.710938 0.056250 0.084375
1 0.429297 0.711979 0.052344 0.084375
1 0.255469 0.790104 0.051562 0.082292
1 0.307812 0.793229 0.053125 0.080208
1 0.361719 0.794792 0.053125 0.081250
1 0.416797 0.795833 0.053906 0.081250
1 0.469531 0.796875 0.051562 0.081250
1 0.522656 0.796354 0.053125 0.082292
1 0.575781 0.794792 0.051562 0.081250
1 0.627734 0.794271 0.050781 0.080208
1 0.678516 0.791667 0.050781 0.083333
1 0.730469 0.790625 0.051562 0.081250
1 0.780078 0.786458 0.050781 0.081250
