2 0.272266 0.196875 0.085156 0.016667
2 0.271875 0.215104 0.082812 0.019792
2 0.271484 0.235417 0.083594 0.016667
2 0.271094 0.253646 0.082812 0.017708
2 0.270703 0.271875 0.080469 0.018750
2 0.271094 0.290104 0.082812 0.017708
2 0.271875 0.308333 0.084375 0.018750
2 0.269922 0.327604 0.082031 0.017708
2 0.271094 0.345833 0.082812 0.018750
2 0.270313 0.365104 0.081250 0.017708
2 0.267969 0.383854 0.081250 0.017708
2 0.267969 0.402604 0.079687 0.019792
2 0.266016 0.420833 0.082031 0.016667
2 0.265234 0.439063 0.080469 0.019792
2 0.265234 0.458333 0.080469 0.016667
2 0.267578 0.476562 0.082031 0.017708
2 0.268359 0.494271 0.082031 0.017708
2 0.268359 0.512500 0.083594 0.018750
2 0.264453 0.532813 0.082031 0.019792
2 0.265625 0.551562 0.081250 0.015625
2 0.265234 0.569271 0.082031 0.017708
2 0.268359 0.588021 0.080469 0.019792
2 0.268750 0.606771 0.082812 0.017708
2 0.269531 0.623958 0.082812 0.014583
2 0.271094 0.642708 0.079687 0.020833
2 0.356641 0.187500 0.086719 0.022917
2 0.356641 0.205729 0.083594 0.023958
2 0.356641 0.223958 0.082031 0.020833
2 0.355469 0.243750 0.084375 0.020833
2 0.354687 0.262500 0.084375 0.025000
2 0.356250 0.280208 0.084375 0.022917
2 0.355078 0.299479 0.083594 0.021875
2 0.355078 0.318229 0.083594 0.019792
2 0.354687 0.336979 0.084375 0.017708
2 0.355469 0.356250 0.085938 0.020833
2 0.353516 0.375000 0.085156 0.020833
2 0.353125 0.393750 0.084375 0.018750
2 0.352734 0.412500 0.085156 0.018750
2 0.353516 0.431771 0.086719 0.017708
2 0.351172 0.451042 0.085156 0.018750
2 0.354297 0.469792 0.083594 0.016667
2 0.353516 0.486979 0.082031 0.017708
2 0.353125 0.507812 0.084375 0.019792
2 0.353516 0.527604 0.085156 0.017708
2 0.352734 0.545312 0.083594 0.017708
2 0.354687 0.563542 0.084375 0.016667
2 0.356250 0.582292 0.085938 0.018750
2 0.354687 0.602083 0.084375 0.018750
2 0.353906 0.620833 0.082812 0.016667
2 0.353125 0.639583 0.084375 0.018750
2 0.353516 0.657813 0.082031 0.015625
2 0.441797 0.320312 0.085156 0.017708
2 0.442969 0.338542 0.085938 0.018750
2 0.442188 0.357292 0.085938 0.016667
2 0.443750 0.375000 0.085938 0.016667
2 0.440234 0.393229 0.086719 0.017708
2 0.439844 0.412500 0.085938 0.020833
2 0.441406 0.432812 0.084375 0.019792
2 0.441797 0.451562 0.085156 0.017708
2 0.441406 0.469792 0.085938 0.016667
2 0.441797 0.489583 0.085156 0.020833
2 0.441406 0.509375 0.084375 0.016667
2 0.440625 0.527604 0.087500 0.019792
2 0.441406 0.547396 0.085938 0.017708
2 0.441406 0.566667 0.084375 0.018750
2 0.440625 0.585417 0.085938 0.016667
2 0.442578 0.604167 0.083594 0.018750
2 0.441016 0.622917 0.085156 0.018750
2 0.440625 0.640625 0.084375 0.016667
2 0.439063 0.659375 0.084375 0.018750
2 0.493359 0.526042 0.016406 0.083333
2 0.507812 0.526042 0.014063 0.083333
2 0.581250 0.282292 0.087500 0.018750
2 0.582422 0.301563 0.085156 0.017708
2 0.583984 0.320312 0.085156 0.017708
2 0.583984 0.339583 0.085156 0.018750
2 0.583203 0.358333 0.085156 0.018750
2 0.585156 0.377083 0.084375 0.018750
2 0.584375 0.395833 0.084375 0.018750
2 0.585938 0.414583 0.085938 0.018750
2 0.585156 0.433854 0.084375 0.019792
2 0.585547 0.452604 0.086719 0.017708
2 0.584766 0.471875 0.085156 0.018750
2 0.430859 0.185417 0.063281 0.018750
2 0.432422 0.205208 0.061719 0.018750
2 0.430859 0.223958 0.061719 0.018750
2 0.428906 0.242708 0.060937 0.018750
2 0.428906 0.262500 0.060937 0.018750
2 0.430078 0.281250 0.061719 0.016667
2 0.430859 0.300000 0.063281 0.020833
2 0.495312 0.183333 0.064062 0.022917
2 0.495703 0.202083 0.063281 0.022917
2 0.495312 0.222396 0.062500 0.021875
2 0.494531 0.240104 0.062500 0.019792
2 0.494141 0.259896 0.061719 0.021875
2 0.495312 0.278125 0.060937 0.020833
2 0.496484 0.297396 0.063281 0.021875
0 0.737500 0.238021 0.103125 0.082292
0 0.825781 0.242708 0.071875 0.077083
0 0.689453 0.327083 0.119531 0.104167
0 0.687891 0.431250 0.117969 0.102083
0 0.805469 0.331250 0.112500 0.104167
0 0.804297 0.432812 0.111719 0.101042
0 0.251953 0.701562 0.060156 0.096875
0 0.560156 0.705208 0.121875 0.100000
0 0.679688 0.704688 0.117188 0.098958
0 0.795703 0.700521 0.113281 0.098958
0 0.289844 0.865625 0.056250 0.116667
0 0.347656 0.879167 0.056250 0.093750
0 0.408203 0.882812 0.060156 0.094792
0 0.467187 0.882812 0.057813 0.090625
0 0.525781 0.883854 0.059375 0.092708
0 0.585938 0.883333 0.060937 0.093750
0 0.644922 0.882812 0.061719 0.092708
0 0.703125 0.879687 0.062500 0.094792
0 0.759375 0.878125 0.060937 0.091667
0 0.815625 0.873958 0.059375 0.091667
1 0.555859 0.223438 0.053906 0.094792
1 0.608984 0.234375 0.075781 0.079167
1 0.690625 0.239583 0.084375 0.075000
1 0.513281 0.350521 0.054688 0.086458
1 0.513281 0.438542 0.056250 0.089583
1 0.542578 0.526042 0.052344 0.087500
1 0.618359 0.526042 0.099219 0.087500
1 0.717187 0.525521 0.096875 0.086458
1 0.811328 0.526563 0.091406 0.084375
1 0.512500 0.611979 0.054688 0.084375
1 0.570703 0.613021 0.053906 0.084375
1 0.624609 0.611979 0.052344 0.084375
1 0.676953 0.611979 0.052344 0.086458
1 0.728516 0.611979 0.050781 0.084375
1 0.780078 0.609896 0.050781 0.084375
1 0.830078 0.609896 0.049219 0.084375
1 0.309375 0.704167 0.053125 0.091667
1 0.362891 0.708854 0.055469 0.082292
1 0.418359 0.711458 0.053906 0.083333
1 0.473047 0.713021 0.052344 0.084375
1 0.300391 0.790104 0.050781 0.080208
1 0.351172 0.792708 0.052344 0.081250
1 0.406641 0.794271 0.052344 0.082292
1 0.460156 0.795833 0.053125 0.081250
1 0.513672 0.796875 0.052344 0.081250
1 0.567187 0.796875 0.053125 0.081250
1 0.620313 0.795833 0.051562 0.081250
1 0.671875 0.795833 0.053125 0.081250
1 0.722656 0.793750 0.051562 0.081250
1 0.774609 0.791146 0.055469 0.082292
1 0.822656 0.789583 0.053125 0.081250
