2 0.199219 0.196875 0.084375 0.018750
2 0.198828 0.216146 0.083594 0.017708
2 0.196094 0.233854 0.082812 0.017708
2 0.196484 0.252083 0.083594 0.016667
2 0.197266 0.270833 0.082031 0.020833
2 0.197266 0.290104 0.082031 0.017708
2 0.196094 0.307812 0.082812 0.015625
2 0.196875 0.326562 0.081250 0.017708
2 0.196094 0.344792 0.082812 0.018750
2 0.196484 0.364583 0.083594 0.020833
2 0.194531 0.384375 0.081250 0.016667
2 0.194141 0.402083 0.082031 0.018750
2 0.193359 0.421354 0.082031 0.019792
2 0.192578 0.441146 0.080469 0.017708
2 0.192188 0.459375 0.081250 0.018750
2 0.194531 0.478125 0.082812 0.016667
2 0.194922 0.495833 0.082031 0.016667
2 0.193750 0.514062 0.081250 0.017708
2 0.191797 0.533333 0.082031 0.020833
2 0.190625 0.552604 0.082812 0.017708
2 0.192578 0.570833 0.083594 0.018750
2 0.194141 0.589583 0.082031 0.016667
2 0.195703 0.607812 0.082031 0.017708
2 0.196484 0.626563 0.080469 0.017708
2 0.197656 0.645833 0.079687 0.018750
2 0.283203 0.186458 0.082031 0.022917
2 0.282422 0.205208 0.083594 0.020833
2 0.283203 0.223958 0.083594 0.022917
2 0.281641 0.242708 0.082031 0.022917
2 0.281641 0.261979 0.082031 0.026042
2 0.281641 0.280208 0.083594 0.022917
2 0.282422 0.298958 0.083594 0.022917
2 0.281641 0.318229 0.082031 0.019792
2 0.280469 0.337500 0.084375 0.020833
2 0.280859 0.356250 0.083594 0.020833
2 0.279687 0.372917 0.082812 0.020833
2 0.278516 0.393750 0.083594 0.018750
2 0.278516 0.414062 0.083594 0.021875
2 0.278516 0.431250 0.085156 0.020833
2 0.278906 0.451042 0.084375 0.018750
2 0.279687 0.470313 0.081250 0.019792
2 0.279687 0.489583 0.081250 0.016667
2 0.279297 0.507812 0.082031 0.019792
2 0.280078 0.526563 0.082031 0.017708
2 0.279687 0.544271 0.084375 0.017708
2 0.280078 0.562500 0.083594 0.018750
2 0.280469 0.581771 0.082812 0.019792
2 0.281250 0.601042 0.082812 0.018750
2 0.280078 0.620833 0.083594 0.018750
2 0.280078 0.640104 0.082031 0.017708
2 0.280859 0.659375 0.083594 0.018750
2 0.368359 0.319271 0.083594 0.019792
2 0.369531 0.338542 0.084375 0.018750
2 0.368750 0.356771 0.085938 0.017708
2 0.369922 0.376042 0.086719 0.018750
2 0.366406 0.394271 0.085938 0.019792
2 0.366797 0.414062 0.085156 0.017708
2 0.368359 0.433333 0.085156 0.018750
2 0.367188 0.451042 0.084375 0.014583
2 0.367578 0.468750 0.086719 0.020833
2 0.366797 0.490104 0.085156 0.019792
2 0.366406 0.509375 0.085938 0.016667
2 0.366797 0.528125 0.085156 0.018750
2 0.366406 0.546875 0.084375 0.018750
2 0.367578 0.565104 0.083594 0.017708
2 0.367188 0.584375 0.085938 0.018750
2 0.367578 0.603646 0.085156 0.019792
2 0.366797 0.622917 0.083594 0.018750
2 0.366016 0.641146 0.085156 0.017708
2 0.366406 0.659375 0.082812 0.016667
2 0.507812 0.281771 0.087500 0.019792
2 0.508984 0.301563 0.085156 0.017708
2 0.510156 0.320312 0.085938 0.019792
2 0.510156 0.338542 0.085938 0.018750
2 0.508984 0.357812 0.086719 0.017708
2 0.510156 0.376563 0.087500 0.019792
2 0.509766 0.395833 0.086719 0.018750
2 0.510547 0.414583 0.086719 0.018750
2 0.510547 0.434375 0.086719 0.018750
2 0.510156 0.453125 0.085938 0.016667
2 0.511719 0.471354 0.084375 0.017708
2 0.417969 0.525521 0.015625 0.084375
2 0.433594 0.525521 0.015625 0.084375
2 0.357812 0.184375 0.060937 0.018750
2 0.357812 0.203646 0.059375 0.017708
2 0.356641 0.222917 0.061719 0.018750
2 0.355078 0.242188 0.061719 0.019792
2 0.355469 0.260937 0.060937 0.021875
2 0.356250 0.280729 0.060937 0.017708
2 0.356641 0.299479 0.060156 0.019792
2 0.421875 0.182292 0.062500 0.022917
2 0.421094 0.201042 0.060937 0.020833
2 0.420703 0.221875 0.063281 0.020833
2 0.420312 0.239583 0.062500 0.018750
2 0.419531 0.259896 0.060937 0.021875
2 0.421484 0.278646 0.061719 0.019792
2 0.422266 0.298438 0.061719 0.021875
1 0.482031 0.223958 0.056250 0.095833
1 0.532422 0.234896 0.091406 0.080208
1 0.622656 0.239063 0.089063 0.076042
1 0.439453 0.349479 0.053906 0.086458
1 0.439453 0.438021 0.057031 0.088542
1 0.468750 0.525000 0.053125 0.087500
1 0.545703 0.524479 0.099219 0.086458
1 0.643750 0.525000 0.095312 0.085417
1 0.738281 0.526042 0.092188 0.085417
1 0.439453 0.611979 0.053906 0.084375
1 0.497656 0.612500 0.053125 0.085417
1 0.551562 0.610417 0.053125 0.085417
1 0.604297 0.610417 0.052344 0.083333
1 0.656641 0.609375 0.050781 0.083333
1 0.708203 0.609896 0.050781 0.084375
1 0.759375 0.608333 0.050000 0.083333
1 0.236719 0.704167 0.053125 0.091667
1 0.290234 0.710938 0.055469 0.082292
1 0.344531 0.711458 0.054688 0.085417
1 0.399219 0.711979 0.053125 0.084375
1 0.228906 0.791146 0.051562 0.078125
1 0.280078 0.794792 0.053906 0.083333
1 0.333984 0.795833 0.053906 0.081250
1 0.387891 0.796354 0.052344 0.080208
1 0.441016 0.796354 0.053906 0.082292
1 0.495312 0.795833 0.051562 0.081250
1 0.547656 0.794271 0.051562 0.080208
1 0.599219 0.793750 0.051562 0.079167
1 0.651563 0.791667 0.050000 0.079167
1 0.701953 0.788542 0.050781 0.079167
1 0.751563 0.785417 0.051562 0.081250
0 0.614453 0.327604 0.117969 0.103125
0 0.731250 0.331250 0.112500 0.100000
0 0.665625 0.238021 0.100000 0.080208
0 0.751563 0.242708 0.071875 0.077083
0 0.614844 0.429688 0.118750 0.101042
0 0.730469 0.432812 0.112500 0.098958
0 0.178125 0.703125 0.060937 0.097917
0 0.488281 0.705729 0.121875 0.101042
0 0.607812 0.702604 0.117188 0.101042
0 0.723828 0.701562 0.113281 0.101042
0 0.217969 0.869792 0.057813 0.112500
0 0.276172 0.881771 0.058594 0.092708
0 0.336719 0.883333 0.059375 0.093750
0 0.395313 0.883854 0.059375 0.092708
0 0.455078 0.883854 0.060156 0.090625
0 0.514453 0.883333 0.058594 0.093750
0 0.573438 0.881771 0.059375 0.092708
0 0.632422 0.880208 0.058594 0.093750
0 0.689844 0.875521 0.059375 0.092708
0 0.744141 0.871354 0.057031 0.092708
