2 0.162109 0.196354 0.082031 0.017708
2 0.162891 0.215104 0.083594 0.019792
2 0.162109 0.233854 0.083594 0.015625
2 0.161328 0.251563 0.083594 0.017708
2 0.162891 0.270833 0.082031 0.018750
2 0.162500 0.289583 0.082812 0.016667
2 0.161328 0.307812 0.083594 0.017708
2 0.160547 0.327604 0.082031 0.019792
2 0.160938 0.345833 0.084375 0.016667
2 0.160547 0.363542 0.082031 0.018750
2 0.159375 0.382292 0.082812 0.016667
2 0.158203 0.401562 0.082031 0.019792
2 0.157812 0.420312 0.082812 0.015625
2 0.157422 0.438542 0.082031 0.018750
2 0.156641 0.458333 0.082031 0.018750
2 0.158203 0.477083 0.080469 0.016667
2 0.159375 0.494792 0.081250 0.018750
2 0.158594 0.514583 0.081250 0.020833
2 0.155469 0.534375 0.081250 0.016667
2 0.155469 0.552604 0.082812 0.017708
2 0.157812 0.571875 0.082812 0.018750
2 0.159375 0.590625 0.081250 0.016667
2 0.161719 0.608333 0.084375 0.016667
2 0.161328 0.627083 0.082031 0.018750
2 0.162109 0.644792 0.080469 0.016667
2 0.249219 0.184375 0.084375 0.018750
2 0.247656 0.204687 0.082812 0.021875
2 0.247656 0.222917 0.084375 0.022917
2 0.246484 0.242188 0.085156 0.021875
2 0.246094 0.261458 0.082812 0.025000
2 0.246484 0.280208 0.083594 0.025000
2 0.246094 0.300000 0.084375 0.022917
2 0.247266 0.317708 0.083594 0.020833
2 0.246484 0.335938 0.085156 0.017708
2 0.246875 0.355208 0.085938 0.018750
2 0.245312 0.374479 0.084375 0.019792
2 0.244531 0.394271 0.084375 0.019792
2 0.243750 0.412500 0.082812 0.018750
2 0.243750 0.431771 0.082812 0.019792
2 0.242188 0.451042 0.084375 0.018750
2 0.244141 0.469792 0.082031 0.016667
2 0.244922 0.487500 0.083594 0.018750
2 0.244922 0.507812 0.085156 0.019792
2 0.245312 0.527083 0.082812 0.018750
2 0.244922 0.546354 0.085156 0.019792
2 0.246484 0.565104 0.085156 0.017708
2 0.245703 0.583854 0.085156 0.017708
2 0.246094 0.603125 0.082812 0.018750
2 0.245312 0.620833 0.082812 0.018750
2 0.245312 0.639583 0.084375 0.018750
2 0.245703 0.658854 0.083594 0.017708
2 0.333203 0.319271 0.085156 0.019792
2 0.335156 0.339062 0.085938 0.017708
2 0.333594 0.357292 0.085938 0.018750
2 0.333984 0.375000 0.085156 0.016667
2 0.330859 0.393750 0.085156 0.018750
2 0.330859 0.413542 0.085156 0.018750
2 0.331250 0.432812 0.085938 0.019792
2 0.332422 0.452083 0.085156 0.016667
2 0.332422 0.470833 0.085156 0.020833
2 0.330859 0.489583 0.086719 0.016667
2 0.331250 0.508333 0.085938 0.020833
2 0.331641 0.527604 0.085156 0.017708
2 0.332422 0.546875 0.085156 0.020833
2 0.333203 0.567187 0.083594 0.019792
2 0.332422 0.584896 0.083594 0.013542
2 0.333203 0.602604 0.083594 0.019792
2 0.331641 0.621875 0.083594 0.018750
2 0.332031 0.640625 0.085938 0.016667
2 0.331641 0.659375 0.085156 0.018750
2 0.322656 0.184896 0.062500 0.017708
2 0.322656 0.203125 0.062500 0.016667
2 0.322656 0.222396 0.062500 0.019792
2 0.321094 0.242188 0.060937 0.019792
2 0.320312 0.261979 0.064062 0.017708
2 0.321094 0.280208 0.060937 0.016667
2 0.321875 0.299479 0.064062 0.021875
2 0.385937 0.181771 0.065625 0.021875
2 0.384766 0.201563 0.061719 0.019792
2 0.386328 0.221875 0.063281 0.020833
2 0.385937 0.240625 0.062500 0.020833
2 0.385156 0.258333 0.059375 0.020833
2 0.385937 0.278125 0.062500 0.020833
2 0.387891 0.297917 0.061719 0.022917
2 0.472266 0.282292 0.086719 0.018750
2 0.472656 0.301042 0.084375 0.018750
2 0.474609 0.320833 0.085156 0.018750
2 0.474219 0.339062 0.085938 0.019792
2 0.474609 0.357292 0.083594 0.020833
2 0.474609 0.377604 0.083594 0.017708
2 0.475000 0.395833 0.084375 0.018750
2 0.475000 0.414583 0.085938 0.018750
2 0.474219 0.433854 0.084375 0.019792
2 0.475000 0.452604 0.085938 0.015625
2 0.474609 0.470833 0.085156 0.018750
2 0.383203 0.525521 0.014844 0.084375
2 0.398828 0.526563 0.014844 0.086458
1 0.446875 0.222917 0.056250 0.095833
1 0.503125 0.235417 0.081250 0.079167
1 0.591406 0.238542 0.092188 0.072917
1 0.403906 0.350000 0.056250 0.085417
1 0.403906 0.437500 0.054688 0.089583
1 0.433594 0.525521 0.053125 0.088542
1 0.509766 0.524479 0.097656 0.084375
1 0.608203 0.525000 0.096094 0.085417
1 0.703516 0.524479 0.091406 0.082292
1 0.404687 0.611458 0.053125 0.083333
1 0.462109 0.612500 0.052344 0.085417
1 0.515234 0.610417 0.053906 0.085417
1 0.569141 0.610417 0.050781 0.085417
1 0.621875 0.609896 0.050000 0.084375
1 0.672266 0.608854 0.050781 0.082292
1 0.723437 0.607292 0.051562 0.083333
1 0.201563 0.704167 0.051562 0.093750
1 0.254688 0.710417 0.053125 0.083333
1 0.310156 0.711979 0.053125 0.084375
1 0.364453 0.712500 0.053906 0.085417
1 0.193750 0.791146 0.050000 0.080208
1 0.244531 0.794271 0.053125 0.084375
1 0.299219 0.795312 0.053125 0.082292
1 0.352734 0.795833 0.053906 0.083333
1 0.406250 0.796354 0.053125 0.080208
1 0.459766 0.795833 0.053906 0.079167
1 0.512891 0.794271 0.050781 0.082292
1 0.565625 0.792708 0.051562 0.081250
1 0.616406 0.791667 0.050000 0.079167
1 0.668359 0.788021 0.053906 0.080208
1 0.717187 0.784896 0.051562 0.082292
0 0.633203 0.238542 0.096094 0.083333
0 0.717578 0.243229 0.072656 0.078125
0 0.578516 0.327604 0.119531 0.103125
0 0.695703 0.330729 0.113281 0.101042
0 0.578906 0.430729 0.120313 0.103125
0 0.695312 0.432292 0.112500 0.102083
0 0.144531 0.702604 0.059375 0.096875
0 0.453516 0.705208 0.121094 0.100000
0 0.573438 0.703646 0.117188 0.101042
0 0.688281 0.698958 0.114062 0.097917
0 0.183984 0.871875 0.058594 0.110417
0 0.242188 0.883333 0.057813 0.091667
0 0.302344 0.884375 0.059375 0.093750
0 0.361719 0.884896 0.059375 0.092708
0 0.421094 0.884375 0.059375 0.093750
0 0.480469 0.883333 0.059375 0.093750
0 0.539844 0.882812 0.059375 0.094792
0 0.597656 0.878125 0.059375 0.093750
0 0.654687 0.876563 0.057813 0.092708
0 0.710547 0.870833 0.057031 0.093750
