2 0.299609 0.198958 0.083594 0.018750
2 0.298828 0.218229 0.082031 0.019792
2 0.298828 0.236458 0.083594 0.016667
2 0.297266 0.254688 0.083594 0.017708
2 0.298047 0.272917 0.082031 0.016667
2 0.298828 0.290625 0.082031 0.018750
2 0.298047 0.309375 0.083594 0.016667
2 0.298047 0.328646 0.083594 0.019792
2 0.297266 0.346875 0.083594 0.016667
2 0.296484 0.365625 0.082031 0.020833
2 0.295703 0.384896 0.080469 0.015625
2 0.294531 0.402604 0.082812 0.017708
2 0.294141 0.420833 0.082031 0.016667
2 0.293359 0.440104 0.080469 0.017708
2 0.292969 0.458333 0.081250 0.018750
2 0.294922 0.476562 0.080469 0.017708
2 0.295703 0.494792 0.080469 0.018750
2 0.295703 0.513542 0.082031 0.016667
2 0.292187 0.531250 0.081250 0.018750
2 0.292969 0.550000 0.082812 0.018750
2 0.293359 0.569792 0.082031 0.018750
2 0.296094 0.588542 0.081250 0.016667
2 0.296094 0.606250 0.082812 0.018750
2 0.296094 0.625000 0.081250 0.016667
2 0.298047 0.642708 0.082031 0.018750
2 0.383984 0.187500 0.085156 0.020833
2 0.383984 0.205729 0.083594 0.021875
2 0.383984 0.226042 0.085156 0.022917
2 0.382422 0.244792 0.083594 0.025000
2 0.382031 0.261979 0.082812 0.026042
2 0.383594 0.281771 0.084375 0.021875
2 0.383203 0.299479 0.085156 0.021875
2 0.383594 0.318750 0.085938 0.020833
2 0.382422 0.338021 0.085156 0.019792
2 0.382422 0.355208 0.085156 0.020833
2 0.380859 0.376042 0.086719 0.020833
2 0.381250 0.394792 0.084375 0.020833
2 0.380078 0.412500 0.085156 0.020833
2 0.379297 0.431250 0.085156 0.018750
2 0.379688 0.451042 0.084375 0.018750
2 0.381641 0.470833 0.083594 0.018750
2 0.381250 0.488542 0.084375 0.016667
2 0.380859 0.507292 0.083594 0.020833
2 0.381250 0.528125 0.084375 0.018750
2 0.381250 0.546354 0.082812 0.017708
2 0.381250 0.564583 0.084375 0.016667
2 0.381250 0.582812 0.082812 0.017708
2 0.382812 0.601042 0.084375 0.018750
2 0.381250 0.619792 0.082812 0.018750
2 0.380859 0.638021 0.083594 0.015625
2 0.380078 0.655729 0.085156 0.021875
2 0.458594 0.186458 0.060937 0.018750
2 0.458984 0.205208 0.061719 0.016667
2 0.458203 0.223438 0.061719 0.019792
2 0.455859 0.243750 0.063281 0.018750
2 0.455859 0.261979 0.060156 0.017708
2 0.457031 0.280208 0.060937 0.018750
2 0.458203 0.300521 0.061719 0.021875
2 0.521484 0.183854 0.063281 0.021875
2 0.521484 0.202083 0.063281 0.020833
2 0.522266 0.221354 0.061719 0.021875
2 0.521094 0.241146 0.062500 0.021875
2 0.522266 0.259896 0.061719 0.023958
2 0.522656 0.278125 0.062500 0.020833
2 0.524609 0.297917 0.061719 0.025000
2 0.468359 0.320312 0.083594 0.017708
2 0.469141 0.339062 0.085156 0.017708
2 0.469531 0.358333 0.082812 0.018750
2 0.470703 0.376042 0.085156 0.018750
2 0.467969 0.394792 0.085938 0.018750
2 0.467187 0.414583 0.084375 0.018750
2 0.469141 0.433333 0.085156 0.018750
2 0.468750 0.452083 0.085938 0.018750
2 0.469141 0.470833 0.085156 0.018750
2 0.468359 0.490104 0.086719 0.019792
2 0.467969 0.509375 0.085938 0.016667
2 0.468359 0.528125 0.085156 0.018750
2 0.467578 0.546875 0.085156 0.018750
2 0.468359 0.565625 0.083594 0.016667
2 0.468750 0.583333 0.084375 0.016667
2 0.467969 0.601562 0.084375 0.019792
2 0.468359 0.621875 0.085156 0.018750
2 0.466797 0.641146 0.085156 0.019792
2 0.466797 0.660937 0.083594 0.017708
2 0.519531 0.525521 0.015625 0.082292
2 0.534766 0.527604 0.014844 0.084375
2 0.608984 0.282813 0.085156 0.019792
2 0.609766 0.302083 0.083594 0.018750
2 0.610938 0.321354 0.084375 0.019792
2 0.610938 0.339583 0.084375 0.018750
2 0.612109 0.358854 0.086719 0.017708
2 0.612109 0.377604 0.086719 0.017708
2 0.612891 0.396354 0.085156 0.019792
2 0.611719 0.415625 0.085938 0.018750
2 0.611328 0.434375 0.085156 0.018750
2 0.612891 0.453125 0.085156 0.018750
2 0.612109 0.472396 0.086719 0.019792
0 0.764062 0.237500 0.103125 0.083333
0 0.852344 0.242708 0.071875 0.079167
0 0.715625 0.328125 0.120313 0.104167
0 0.832031 0.331771 0.112500 0.103125
0 0.714844 0.430729 0.117188 0.103125
0 0.831250 0.432292 0.112500 0.100000
0 0.278125 0.701042 0.060937 0.095833
0 0.587500 0.705208 0.121875 0.100000
0 0.706641 0.704167 0.116406 0.100000
0 0.822266 0.701562 0.113281 0.098958
0 0.317188 0.866146 0.056250 0.111458
0 0.374609 0.880729 0.058594 0.092708
0 0.434375 0.881771 0.059375 0.092708
0 0.494531 0.883333 0.057813 0.091667
0 0.553125 0.884896 0.057813 0.092708
0 0.612500 0.882812 0.059375 0.092708
0 0.671094 0.883333 0.060937 0.093750
0 0.729297 0.881771 0.060156 0.092708
0 0.785937 0.878646 0.059375 0.092708
0 0.840625 0.875000 0.059375 0.091667
1 0.582031 0.223438 0.054688 0.096875
1 0.635547 0.236458 0.077344 0.079167
1 0.717187 0.240104 0.085938 0.076042
1 0.539453 0.352083 0.053906 0.087500
1 0.540625 0.438021 0.056250 0.088542
1 0.569531 0.524479 0.053125 0.086458
1 0.646484 0.525000 0.099219 0.085417
1 0.743750 0.526563 0.096875 0.086458
1 0.838672 0.525521 0.091406 0.084375
1 0.541016 0.612500 0.053906 0.085417
1 0.598047 0.612500 0.053906 0.085417
1 0.652344 0.610938 0.051562 0.086458
1 0.705078 0.611979 0.052344 0.084375
1 0.756250 0.611979 0.053125 0.084375
1 0.806641 0.610938 0.050781 0.082292
1 0.335938 0.703125 0.053125 0.091667
1 0.389062 0.709375 0.053125 0.083333
1 0.445312 0.711458 0.053125 0.083333
1 0.498828 0.712500 0.052344 0.083333
1 0.325781 0.788021 0.050000 0.080208
1 0.378516 0.793229 0.053906 0.082292
1 0.432422 0.794271 0.053906 0.082292
1 0.487109 0.796354 0.052344 0.082292
1 0.539844 0.796354 0.053125 0.082292
1 0.594141 0.797396 0.053906 0.082292
1 0.646484 0.796354 0.052344 0.080208
1 0.698047 0.795312 0.053906 0.082292
1 0.750000 0.793229 0.053125 0.084375
1 0.801562 0.791667 0.053125 0.081250
1 0.848828 0.790625 0.052344 0.081250
