0 0.505078 0.216667 0.080469 0.081250
0 0.195703 0.906771 0.097656 0.176042
1 0.203906 0.211979 0.054688 0.084375
0 0.289062 0.215104 0.115625 0.078125
0 0.405469 0.214583 0.117188 0.079167
1 0.572266 0.210938 0.053906 0.094792
1 0.623437 0.217188 0.048438 0.090625
0 0.707812 0.221875 0.117188 0.083333
1 0.203516 0.298958 0.052344 0.087500
1 0.277734 0.298958 0.096094 0.087500
1 0.355469 0.298958 0.054688 0.087500
1 0.409766 0.300521 0.052344 0.086458
1 0.491406 0.302083 0.096875 0.087500
1 0.570703 0.303646 0.053906 0.086458
1 0.622656 0.306771 0.050000 0.084375
1 0.675391 0.306771 0.052344 0.086458
1 0.748437 0.308333 0.093750 0.085417
1 0.207031 0.385417 0.051562 0.085417
1 0.282031 0.385937 0.098437 0.086458
1 0.383984 0.386458 0.097656 0.085417
1 0.461328 0.388542 0.052344 0.085417
1 0.514844 0.389062 0.054688 0.086458
1 0.569531 0.389583 0.053125 0.085417
1 0.622656 0.391146 0.051562 0.084375
1 0.675000 0.392188 0.051562 0.084375
1 0.746875 0.392188 0.092188 0.082292
1 0.210547 0.471354 0.050781 0.084375
1 0.285547 0.471875 0.099219 0.085417
1 0.362500 0.472396 0.053125 0.086458
1 0.415234 0.473438 0.052344 0.084375
1 0.469141 0.473958 0.052344 0.085417
1 0.523047 0.474479 0.052344 0.086458
1 0.575391 0.473958 0.050781 0.083333
1 0.625391 0.475000 0.049219 0.081250
1 0.677734 0.475000 0.052344 0.081250
1 0.729688 0.475000 0.051562 0.081250
1 0.779687 0.474479 0.051562 0.082292
1 0.208594 0.556250 0.051562 0.085417
1 0.283984 0.557292 0.097656 0.085417
1 0.382422 0.559375 0.096094 0.085417
1 0.459375 0.559375 0.054688 0.085417
1 0.512891 0.559896 0.052344 0.084375
1 0.569922 0.558333 0.053906 0.083333
1 0.621875 0.558333 0.050000 0.083333
1 0.674609 0.557813 0.052344 0.084375
1 0.727344 0.558333 0.051562 0.083333
1 0.776563 0.557813 0.050000 0.082292
1 0.208594 0.641667 0.051562 0.083333
1 0.282813 0.642188 0.095312 0.082292
1 0.357422 0.643229 0.052344 0.082292
1 0.412891 0.643750 0.050781 0.085417
1 0.465625 0.645312 0.053125 0.082292
1 0.520703 0.644792 0.053906 0.081250
1 0.571484 0.642708 0.052344 0.083333
1 0.624609 0.642708 0.053906 0.081250
1 0.675391 0.642188 0.050781 0.084375
1 0.726953 0.641146 0.050781 0.082292
1 0.777344 0.640625 0.050000 0.083333
1 0.773828 0.722396 0.050781 0.080208
1 0.723437 0.723958 0.053125 0.081250
1 0.672656 0.725000 0.051562 0.079167
1 0.621875 0.725000 0.051562 0.081250
1 0.570312 0.727083 0.053125 0.081250
1 0.517969 0.727083 0.051562 0.081250
1 0.463281 0.728125 0.051562 0.081250
1 0.383203 0.728125 0.097656 0.085417
1 0.285156 0.726042 0.098437 0.083333
1 0.208203 0.724479 0.053906 0.080208
1 0.207031 0.805729 0.054688 0.080208
1 0.283594 0.808333 0.095312 0.081250
1 0.285547 0.888542 0.102344 0.079167
1 0.361719 0.809896 0.050000 0.080208
1 0.413672 0.811979 0.053906 0.080208
1 0.467187 0.810937 0.051562 0.082292
1 0.519141 0.808854 0.052344 0.080208
1 0.571094 0.808854 0.051562 0.080208
1 0.622266 0.806250 0.050781 0.079167
1 0.674609 0.806250 0.052344 0.079167
1 0.723828 0.804167 0.053906 0.079167
1 0.773828 0.802083 0.049219 0.079167
1 0.388281 0.889583 0.093750 0.079167
1 0.466016 0.891667 0.052344 0.079167
1 0.517969 0.890625 0.051562 0.081250
1 0.569531 0.889062 0.050000 0.080208
1 0.620313 0.885417 0.050000 0.079167
1 0.669531 0.883854 0.048438 0.078125
1 0.719141 0.882812 0.052344 0.076042
1 0.768750 0.880208 0.050000 0.077083
