0 0.498437 0.211458 0.075000 0.079167
1 0.760156 0.804167 0.109375 0.110417
1 0.755469 0.895312 0.107813 0.101042
0 0.745703 0.278125 0.113281 0.100000
0 0.747656 0.379167 0.115625 0.097917
0 0.401562 0.210417 0.117188 0.081250
0 0.284375 0.209896 0.114062 0.076042
1 0.200391 0.207292 0.052344 0.085417
1 0.198437 0.294792 0.050000 0.085417
1 0.272266 0.294271 0.096094 0.086458
1 0.349219 0.294792 0.054688 0.089583
1 0.404687 0.295312 0.054688 0.088542
1 0.483984 0.296875 0.099219 0.087500
1 0.561719 0.298438 0.053125 0.086458
1 0.562891 0.208854 0.050781 0.092708
1 0.613281 0.214583 0.048438 0.089583
1 0.664062 0.214583 0.051562 0.089583
1 0.201563 0.381250 0.050000 0.083333
1 0.276172 0.381250 0.099219 0.085417
1 0.378125 0.382292 0.096875 0.085417
1 0.455859 0.382812 0.052344 0.084375
1 0.509766 0.383333 0.053906 0.085417
1 0.562109 0.383854 0.050781 0.084375
1 0.613672 0.301042 0.050781 0.083333
1 0.663672 0.301042 0.049219 0.083333
1 0.613281 0.384896 0.050000 0.084375
1 0.664453 0.385417 0.050781 0.085417
1 0.205859 0.466667 0.050781 0.087500
1 0.280078 0.467187 0.094531 0.086458
1 0.356250 0.468229 0.053125 0.086458
1 0.410547 0.469271 0.052344 0.086458
1 0.464453 0.469271 0.052344 0.086458
1 0.517969 0.469271 0.053125 0.082292
1 0.569141 0.470313 0.050781 0.084375
1 0.620313 0.469792 0.050000 0.083333
1 0.671484 0.470313 0.050781 0.082292
1 0.723047 0.469792 0.052344 0.083333
1 0.773828 0.470313 0.050781 0.082292
1 0.203906 0.553646 0.050000 0.084375
1 0.278906 0.553646 0.096875 0.084375
1 0.376953 0.554167 0.097656 0.085417
1 0.453906 0.556250 0.053125 0.085417
1 0.508594 0.555208 0.053125 0.085417
1 0.564453 0.554167 0.053906 0.083333
1 0.617188 0.554167 0.050000 0.085417
1 0.670312 0.553125 0.051562 0.083333
1 0.722266 0.553646 0.050781 0.084375
1 0.772266 0.554167 0.050781 0.083333
1 0.203125 0.637500 0.051562 0.083333
1 0.276953 0.638542 0.096094 0.085417
1 0.351953 0.639062 0.052344 0.082292
1 0.407813 0.639062 0.053125 0.084375
1 0.461719 0.641146 0.051562 0.084375
1 0.514844 0.640104 0.051562 0.084375
1 0.566797 0.637500 0.050781 0.083333
1 0.618359 0.638542 0.052344 0.083333
1 0.671094 0.637500 0.051562 0.081250
1 0.720313 0.637500 0.051562 0.083333
1 0.773047 0.637500 0.052344 0.083333
1 0.203516 0.720833 0.052344 0.081250
1 0.280078 0.722917 0.096094 0.083333
1 0.378906 0.723958 0.098437 0.085417
1 0.457813 0.723958 0.053125 0.081250
1 0.512891 0.722917 0.052344 0.081250
1 0.565234 0.722396 0.050781 0.082292
1 0.617188 0.721354 0.050000 0.082292
1 0.669141 0.719792 0.052344 0.083333
1 0.717578 0.719792 0.053906 0.081250
1 0.769141 0.719271 0.052344 0.080208
1 0.203516 0.803646 0.053906 0.082292
1 0.278516 0.804167 0.097656 0.079167
1 0.356250 0.805208 0.050000 0.081250
1 0.409375 0.807292 0.053125 0.081250
1 0.461719 0.807292 0.051562 0.081250
1 0.514453 0.804688 0.050781 0.080208
1 0.566797 0.804167 0.050781 0.081250
1 0.617578 0.803125 0.052344 0.081250
1 0.669141 0.801562 0.052344 0.080208
1 0.717969 0.801042 0.053125 0.081250
1 0.211719 0.880208 0.048438 0.075000
1 0.282813 0.883854 0.093750 0.078125
1 0.384766 0.885417 0.094531 0.081250
1 0.460938 0.887500 0.051562 0.079167
1 0.512891 0.884375 0.052344 0.079167
1 0.565625 0.883854 0.050000 0.080208
1 0.615625 0.882292 0.048438 0.077083
1 0.665234 0.879687 0.049219 0.073958
1 0.716406 0.880208 0.054688 0.077083
