0 0.761719 0.279687 0.112500 0.107292
0 0.759375 0.379167 0.109375 0.100000
0 0.270313 0.203646 0.076563 0.086458
0 0.348828 0.205729 0.077344 0.088542
0 0.428906 0.205208 0.081250 0.089583
0 0.509375 0.207813 0.078125 0.086458
1 0.775000 0.802083 0.109375 0.112500
1 0.769922 0.894792 0.110156 0.102083
1 0.208203 0.204687 0.049219 0.090625
1 0.573047 0.207813 0.047656 0.090625
1 0.625781 0.214062 0.046875 0.092708
1 0.677734 0.212500 0.052344 0.091667
1 0.211719 0.294792 0.051562 0.087500
1 0.286719 0.293750 0.095312 0.087500
1 0.363672 0.293750 0.055469 0.087500
1 0.417969 0.296354 0.054688 0.086458
1 0.498828 0.297917 0.099219 0.085417
1 0.574609 0.298438 0.052344 0.086458
1 0.626953 0.301042 0.049219 0.083333
1 0.678516 0.300000 0.050781 0.085417
1 0.216406 0.380729 0.048438 0.084375
1 0.290234 0.380208 0.099219 0.085417
1 0.392188 0.381771 0.098437 0.086458
1 0.469141 0.383333 0.052344 0.085417
1 0.523047 0.383854 0.053906 0.084375
1 0.576172 0.383333 0.050781 0.083333
1 0.626172 0.384896 0.047656 0.084375
1 0.677344 0.385417 0.054688 0.085417
1 0.220312 0.466667 0.051562 0.085417
1 0.294922 0.466146 0.096094 0.086458
1 0.370703 0.468750 0.053906 0.085417
1 0.425391 0.469792 0.052344 0.087500
1 0.478125 0.469271 0.053125 0.084375
1 0.532031 0.469792 0.053125 0.085417
1 0.583203 0.469271 0.049219 0.084375
1 0.633594 0.470313 0.050000 0.084375
1 0.684766 0.470313 0.050781 0.082292
1 0.735547 0.470833 0.049219 0.083333
1 0.787500 0.470833 0.051562 0.083333
1 0.218750 0.552083 0.053125 0.085417
1 0.293750 0.552604 0.096875 0.086458
1 0.391797 0.554167 0.097656 0.083333
1 0.468359 0.555208 0.055469 0.085417
1 0.524609 0.555729 0.053906 0.086458
1 0.579688 0.554688 0.053125 0.084375
1 0.632031 0.554167 0.051562 0.083333
1 0.683594 0.554167 0.051562 0.083333
1 0.735938 0.554688 0.050000 0.082292
1 0.784766 0.553125 0.047656 0.081250
1 0.217578 0.636458 0.053906 0.083333
1 0.292187 0.638021 0.095312 0.084375
1 0.367969 0.639583 0.053125 0.083333
1 0.421484 0.639583 0.052344 0.085417
1 0.476562 0.640625 0.053125 0.085417
1 0.530078 0.640625 0.053906 0.083333
1 0.582812 0.638542 0.048438 0.083333
1 0.633984 0.638021 0.052344 0.082292
1 0.685156 0.637500 0.051562 0.083333
1 0.736719 0.636979 0.051562 0.082292
1 0.786719 0.635938 0.051562 0.082292
1 0.217578 0.719792 0.050781 0.081250
1 0.294922 0.722917 0.097656 0.083333
1 0.392578 0.723437 0.097656 0.084375
1 0.473438 0.723958 0.053125 0.081250
1 0.527734 0.722917 0.052344 0.079167
1 0.580859 0.721354 0.050781 0.080208
1 0.631641 0.720833 0.050781 0.081250
1 0.683203 0.720313 0.050781 0.082292
1 0.733203 0.718750 0.053906 0.083333
1 0.783203 0.719792 0.052344 0.083333
1 0.218750 0.800000 0.051562 0.079167
1 0.291797 0.804167 0.097656 0.079167
1 0.370703 0.805729 0.052344 0.080208
1 0.424609 0.807292 0.052344 0.081250
1 0.476953 0.806771 0.052344 0.082292
1 0.529687 0.805208 0.050000 0.081250
1 0.580469 0.803646 0.050000 0.082292
1 0.632422 0.802604 0.052344 0.080208
1 0.683984 0.802604 0.052344 0.080208
1 0.732812 0.801562 0.051562 0.082292
1 0.225781 0.878125 0.048438 0.072917
1 0.298438 0.882292 0.095312 0.077083
1 0.399219 0.885938 0.096875 0.082292
1 0.475781 0.887500 0.051562 0.079167
1 0.528125 0.883854 0.051562 0.076042
1 0.580469 0.883333 0.050000 0.077083
1 0.630859 0.882812 0.049219 0.078125
1 0.680078 0.881250 0.050781 0.077083
1 0.730859 0.882292 0.055469 0.075000
