1 0.220312 0.593229 0.051562 0.078125
1 0.262109 0.594792 0.050781 0.077083
1 0.305859 0.595313 0.047656 0.078125
1 0.347266 0.595313 0.047656 0.078125
1 0.389453 0.596354 0.044531 0.080208
1 0.430859 0.593229 0.042969 0.078125
1 0.475000 0.595313 0.045312 0.078125
1 0.517969 0.596875 0.043750 0.077083
1 0.559766 0.595833 0.046094 0.077083
1 0.596875 0.595313 0.051562 0.076042
1 0.636328 0.593750 0.057031 0.077083
1 0.676953 0.591146 0.060156 0.076042
1 0.682031 0.665104 0.043750 0.067708
1 0.638281 0.666146 0.042188 0.065625
1 0.598047 0.668750 0.039844 0.066667
1 0.557031 0.669271 0.042188 0.067708
1 0.514453 0.670833 0.041406 0.068750
1 0.472656 0.669792 0.042188 0.068750
1 0.430078 0.670312 0.041406 0.069792
1 0.387109 0.671354 0.042969 0.069792
1 0.343750 0.672917 0.045312 0.072917
1 0.301172 0.673438 0.041406 0.076042
1 0.258984 0.673958 0.044531 0.077083
1 0.215625 0.673438 0.042188 0.082292
1 0.388281 0.739062 0.043750 0.065625
1 0.388281 0.805208 0.045312 0.062500
1 0.430469 0.738542 0.042188 0.064583
1 0.473438 0.738021 0.043750 0.063542
1 0.515625 0.736979 0.040625 0.065625
1 0.557813 0.735938 0.040625 0.065625
1 0.596875 0.733854 0.039062 0.063542
1 0.637891 0.732812 0.041406 0.065625
1 0.677344 0.731250 0.040625 0.062500
1 0.433203 0.805208 0.042969 0.066667
1 0.475781 0.803125 0.043750 0.066667
1 0.517969 0.802083 0.040625 0.062500
1 0.559375 0.801562 0.040625 0.061458
1 0.600000 0.798438 0.040625 0.063542
1 0.639062 0.797396 0.039062 0.063542
1 0.679297 0.795312 0.041406 0.063542
0 0.236328 0.323437 0.042969 0.078125
0 0.280469 0.324479 0.045312 0.078125
0 0.346875 0.323958 0.087500 0.077083
0 0.415625 0.326042 0.043750 0.075000
0 0.458984 0.327083 0.041406 0.075000
0 0.524219 0.325521 0.087500 0.080208
0 0.589453 0.330208 0.041406 0.075000
0 0.631641 0.330208 0.041406 0.077083
0 0.258594 0.400521 0.087500 0.073958
0 0.325391 0.401042 0.042969 0.075000
0 0.369531 0.401562 0.043750 0.076042
0 0.435547 0.401562 0.088281 0.073958
0 0.501953 0.402604 0.042969 0.073958
0 0.545312 0.403646 0.042188 0.073958
0 0.610156 0.404687 0.085938 0.071875
0 0.235937 0.476562 0.042188 0.073958
0 0.280078 0.476562 0.042969 0.073958
0 0.345703 0.476562 0.086719 0.073958
0 0.412500 0.477604 0.043750 0.076042
0 0.457031 0.477083 0.043750 0.075000
0 0.523047 0.478125 0.086719 0.075000
0 0.588281 0.478125 0.042188 0.075000
0 0.631250 0.478125 0.042188 0.072917
0 0.258203 0.550000 0.086719 0.072917
0 0.323828 0.551042 0.042969 0.075000
0 0.367578 0.553125 0.042969 0.075000
0 0.434375 0.555208 0.087500 0.077083
0 0.500391 0.555729 0.042969 0.076042
0 0.543750 0.554688 0.042188 0.078125
0 0.589453 0.555729 0.046094 0.078125
0 0.632031 0.555208 0.040625 0.079167
0 0.204297 0.732812 0.074219 0.117708
0 0.254297 0.734896 0.069531 0.119792
0 0.304688 0.734896 0.065625 0.119792
0 0.356250 0.735938 0.064062 0.121875
0 0.199219 0.834375 0.053125 0.085417
0 0.251563 0.836979 0.053125 0.084375
0 0.304297 0.838542 0.053906 0.087500
0 0.361719 0.823438 0.065625 0.121875
