0 0.435547 0.422396 0.060156 0.105208
0 0.436328 0.615104 0.060156 0.103125
0 0.539844 0.700521 0.123438 0.103125
0 0.659375 0.699479 0.115625 0.101042
0 0.773047 0.694792 0.113281 0.097917
0 0.230859 0.692187 0.060156 0.098958
0 0.288281 0.692708 0.057813 0.097917
0 0.270703 0.870833 0.058594 0.093750
0 0.328516 0.872396 0.057031 0.092708
0 0.386328 0.874479 0.058594 0.092708
0 0.444531 0.877604 0.057813 0.092708
0 0.504687 0.878646 0.059375 0.092708
0 0.562891 0.878646 0.058594 0.092708
0 0.623047 0.878125 0.060156 0.095833
0 0.679688 0.874479 0.060937 0.092708
0 0.736719 0.871354 0.059375 0.094792
0 0.792578 0.867708 0.058594 0.091667
1 0.226953 0.263542 0.052344 0.085417
1 0.279297 0.261979 0.050781 0.086458
1 0.330078 0.258854 0.052344 0.088542
1 0.382422 0.258854 0.053906 0.086458
1 0.432812 0.257812 0.051562 0.088542
1 0.487109 0.256250 0.055469 0.091667
1 0.542188 0.257812 0.053125 0.090625
1 0.596094 0.258333 0.054688 0.089583
1 0.649609 0.259375 0.052344 0.089583
1 0.702734 0.265104 0.050781 0.084375
1 0.753125 0.265104 0.053125 0.088542
1 0.804688 0.267188 0.051562 0.088542
1 0.246094 0.348958 0.093750 0.085417
1 0.319531 0.346354 0.051562 0.084375
1 0.371484 0.345833 0.052344 0.083333
1 0.430469 0.337500 0.064062 0.068750
1 0.493750 0.346875 0.054688 0.085417
1 0.548438 0.345313 0.054688 0.084375
1 0.602734 0.346875 0.053906 0.085417
1 0.656250 0.347396 0.053125 0.084375
1 0.708203 0.350000 0.049219 0.085417
1 0.758984 0.351042 0.050781 0.083333
1 0.809375 0.352604 0.048438 0.082292
1 0.226562 0.433854 0.050000 0.082292
1 0.275781 0.432812 0.048438 0.082292
1 0.326172 0.432292 0.052344 0.085417
1 0.379688 0.431250 0.053125 0.087500
1 0.493750 0.431771 0.054688 0.084375
1 0.548438 0.431771 0.054688 0.088542
1 0.603516 0.432292 0.053906 0.085417
1 0.657422 0.433333 0.052344 0.087500
1 0.709375 0.436458 0.050000 0.085417
1 0.758984 0.435417 0.049219 0.085417
1 0.808984 0.436458 0.049219 0.085417
1 0.245703 0.517188 0.092969 0.084375
1 0.316797 0.518229 0.049219 0.084375
1 0.368750 0.519271 0.053125 0.086458
1 0.422266 0.519271 0.050781 0.086458
1 0.498047 0.519792 0.100781 0.087500
1 0.598047 0.519792 0.097656 0.085417
1 0.694922 0.520833 0.092969 0.085417
1 0.788281 0.521354 0.090625 0.084375
1 0.226172 0.601042 0.050781 0.083333
1 0.276172 0.602083 0.049219 0.085417
1 0.326562 0.604167 0.050000 0.085417
1 0.379297 0.614583 0.055469 0.093750
1 0.492969 0.606771 0.053125 0.084375
1 0.546875 0.606771 0.054688 0.084375
1 0.600781 0.606771 0.053125 0.086458
1 0.653125 0.606771 0.051562 0.086458
1 0.705078 0.605729 0.050781 0.084375
1 0.756250 0.604688 0.050000 0.082292
1 0.805469 0.604688 0.051562 0.082292
1 0.345313 0.698438 0.053125 0.094792
1 0.398047 0.703646 0.052344 0.086458
1 0.451562 0.706771 0.053125 0.084375
1 0.230859 0.782292 0.055469 0.081250
1 0.281641 0.783333 0.052344 0.083333
1 0.333203 0.784896 0.052344 0.078125
1 0.385156 0.788542 0.051562 0.083333
1 0.437891 0.790625 0.053906 0.083333
1 0.491406 0.791667 0.053125 0.083333
1 0.544141 0.792188 0.052344 0.080208
1 0.598047 0.792708 0.053906 0.081250
1 0.648047 0.789062 0.053906 0.080208
1 0.700781 0.789062 0.053125 0.080208
1 0.751953 0.785417 0.053906 0.081250
1 0.800391 0.784375 0.053906 0.079167
