0 0.378516 0.422917 0.058594 0.102083
0 0.378906 0.614062 0.059375 0.101042
0 0.174219 0.691667 0.057813 0.097917
0 0.232813 0.694792 0.059375 0.097917
0 0.481250 0.698438 0.121875 0.098958
0 0.600781 0.696354 0.117188 0.098958
0 0.716797 0.695312 0.113281 0.101042
1 0.171094 0.263542 0.051562 0.085417
1 0.223438 0.263021 0.053125 0.084375
1 0.282031 0.260937 0.053125 0.086458
1 0.335547 0.260417 0.050781 0.085417
1 0.386719 0.259896 0.051562 0.086458
1 0.440625 0.258854 0.053125 0.088542
1 0.494922 0.259375 0.052344 0.089583
1 0.547656 0.259375 0.051562 0.089583
1 0.599609 0.260417 0.050781 0.089583
1 0.650391 0.265104 0.050781 0.084375
1 0.701562 0.265625 0.051562 0.085417
1 0.751953 0.266667 0.047656 0.085417
1 0.191016 0.348958 0.094531 0.083333
1 0.268359 0.347396 0.050781 0.084375
1 0.320312 0.345313 0.051562 0.082292
1 0.378906 0.337500 0.062500 0.068750
1 0.438672 0.346354 0.055469 0.086458
1 0.494141 0.346875 0.053906 0.085417
1 0.547656 0.346354 0.053125 0.084375
1 0.599609 0.347917 0.050781 0.085417
1 0.651172 0.349479 0.052344 0.084375
1 0.701953 0.350521 0.049219 0.084375
1 0.750781 0.351562 0.046875 0.084375
1 0.169141 0.433333 0.049219 0.083333
1 0.220312 0.432812 0.050000 0.084375
1 0.270703 0.432292 0.049219 0.083333
1 0.321875 0.431771 0.051562 0.086458
1 0.435937 0.432292 0.054688 0.085417
1 0.491406 0.432812 0.053125 0.086458
1 0.544922 0.432812 0.052344 0.086458
1 0.596484 0.433333 0.050781 0.085417
1 0.648438 0.434896 0.051562 0.084375
1 0.700391 0.435937 0.052344 0.084375
1 0.750391 0.435937 0.047656 0.084375
1 0.729297 0.519271 0.089844 0.084375
1 0.189844 0.516667 0.092188 0.083333
1 0.261328 0.517708 0.047656 0.085417
1 0.311719 0.519271 0.050000 0.088542
1 0.364063 0.519792 0.054688 0.087500
1 0.442188 0.518750 0.100000 0.087500
1 0.540234 0.519792 0.096094 0.085417
1 0.637109 0.520312 0.094531 0.086458
1 0.169531 0.601562 0.050000 0.086458
1 0.219141 0.602083 0.049219 0.085417
1 0.269531 0.604688 0.051562 0.088542
1 0.323047 0.616146 0.052344 0.090625
1 0.436328 0.605729 0.053906 0.084375
1 0.490234 0.606250 0.053906 0.085417
1 0.544531 0.605729 0.053125 0.084375
1 0.595703 0.605729 0.050781 0.084375
1 0.647266 0.605729 0.050781 0.082292
1 0.698438 0.604688 0.050000 0.086458
1 0.748437 0.603125 0.048438 0.085417
1 0.289062 0.701042 0.051562 0.089583
1 0.342187 0.703125 0.051562 0.089583
1 0.394141 0.706771 0.052344 0.086458
1 0.173437 0.783854 0.054688 0.078125
1 0.225781 0.784896 0.051562 0.082292
1 0.276562 0.785417 0.050000 0.081250
1 0.328516 0.787500 0.052344 0.081250
1 0.381250 0.790104 0.053125 0.080208
1 0.434766 0.791667 0.052344 0.081250
1 0.488672 0.790104 0.052344 0.082292
1 0.540625 0.789062 0.051562 0.082292
1 0.592578 0.788542 0.053906 0.081250
1 0.643750 0.785937 0.054688 0.082292
1 0.694922 0.784375 0.052344 0.079167
1 0.744922 0.781771 0.050781 0.082292
1 0.186328 0.907813 0.111719 0.113542
1 0.367578 0.898958 0.107031 0.112500
0 0.214844 0.872917 0.059375 0.095833
0 0.273047 0.872917 0.060156 0.093750
0 0.330469 0.876042 0.056250 0.093750
0 0.389062 0.877083 0.057813 0.093750
0 0.449219 0.879167 0.057813 0.093750
0 0.508594 0.877604 0.059375 0.094792
0 0.567187 0.877083 0.059375 0.095833
0 0.626172 0.874479 0.058594 0.094792
0 0.683203 0.869792 0.058594 0.089583
0 0.737109 0.866146 0.057031 0.092708
