0 0.226172 0.710938 0.061719 0.098958
0 0.537891 0.715625 0.122656 0.102083
0 0.658594 0.713542 0.117188 0.100000
0 0.774219 0.710417 0.114062 0.102083
0 0.266406 0.876563 0.057813 0.117708
0 0.323437 0.891667 0.057813 0.093750
0 0.383984 0.893229 0.058594 0.092708
0 0.444141 0.893750 0.057031 0.089583
0 0.503516 0.894271 0.061719 0.092708
0 0.563672 0.895312 0.058594 0.094792
0 0.623828 0.893750 0.060156 0.093750
0 0.681250 0.891146 0.059375 0.092708
0 0.738672 0.889062 0.057031 0.094792
0 0.794531 0.883333 0.059375 0.093750
1 0.592578 0.242708 0.069531 0.081250
1 0.669531 0.246875 0.084375 0.077083
1 0.754687 0.250000 0.084375 0.079167
1 0.590625 0.323437 0.048438 0.080208
1 0.495703 0.357812 0.053906 0.086458
1 0.541406 0.322396 0.048438 0.080208
1 0.637500 0.324479 0.045312 0.078125
1 0.682031 0.325521 0.043750 0.076042
1 0.727734 0.327083 0.049219 0.075000
1 0.772656 0.328125 0.042188 0.072917
1 0.550391 0.357812 0.055469 0.086458
1 0.604688 0.355208 0.053125 0.095833
1 0.657813 0.356771 0.053125 0.092708
1 0.711328 0.356771 0.052344 0.092708
1 0.761328 0.358333 0.049219 0.093750
1 0.811719 0.357812 0.048438 0.096875
1 0.492578 0.446354 0.057031 0.090625
1 0.548828 0.445833 0.052344 0.087500
1 0.603906 0.445833 0.054688 0.087500
1 0.656641 0.446354 0.052344 0.086458
1 0.709766 0.448437 0.052344 0.086458
1 0.760938 0.448437 0.050000 0.086458
1 0.811328 0.447917 0.047656 0.083333
1 0.519922 0.535937 0.053906 0.088542
1 0.596484 0.534896 0.099219 0.086458
1 0.695312 0.535417 0.096875 0.087500
1 0.790625 0.534375 0.092188 0.089583
1 0.489844 0.621354 0.054688 0.086458
1 0.548438 0.621875 0.054688 0.087500
1 0.602344 0.621875 0.051562 0.087500
1 0.655469 0.621875 0.050000 0.085417
1 0.707031 0.621354 0.051562 0.084375
1 0.759375 0.620313 0.050000 0.084375
1 0.809766 0.617708 0.052344 0.085417
1 0.285547 0.713542 0.052344 0.091667
1 0.339453 0.720313 0.053906 0.084375
1 0.394141 0.722396 0.055469 0.084375
1 0.448828 0.722917 0.052344 0.083333
1 0.275391 0.801042 0.050781 0.081250
1 0.326953 0.803646 0.053906 0.084375
1 0.382031 0.805729 0.054688 0.080208
1 0.436328 0.807292 0.053906 0.081250
1 0.490234 0.807813 0.053906 0.078125
1 0.544922 0.807813 0.053906 0.080208
1 0.596875 0.806771 0.051562 0.082292
1 0.649219 0.805208 0.054688 0.083333
1 0.701562 0.803646 0.056250 0.082292
1 0.753125 0.801562 0.056250 0.084375
1 0.803125 0.799479 0.053125 0.082292
2 0.254688 0.203125 0.084375 0.018750
2 0.253906 0.221875 0.082812 0.020833
2 0.251953 0.240625 0.083594 0.018750
2 0.252344 0.260417 0.082812 0.018750
2 0.251172 0.278125 0.083594 0.018750
2 0.251563 0.296875 0.084375 0.018750
2 0.251172 0.315625 0.085156 0.016667
2 0.250391 0.333333 0.082031 0.018750
2 0.249609 0.353125 0.083594 0.020833
2 0.248438 0.373958 0.081250 0.018750
2 0.246484 0.391667 0.082031 0.016667
2 0.245703 0.409896 0.082031 0.017708
2 0.244531 0.427604 0.082812 0.019792
2 0.244531 0.447917 0.082812 0.020833
2 0.244141 0.466667 0.082031 0.018750
2 0.244922 0.486458 0.083594 0.018750
2 0.245703 0.504687 0.083594 0.017708
2 0.244922 0.523958 0.082031 0.018750
2 0.241797 0.541667 0.080469 0.016667
2 0.241797 0.560937 0.080469 0.019792
2 0.241797 0.580729 0.082031 0.015625
2 0.244922 0.598958 0.082031 0.018750
2 0.245312 0.618229 0.082812 0.019792
2 0.244922 0.635417 0.083594 0.014583
2 0.246094 0.652604 0.081250 0.019792
2 0.330078 0.667708 0.083594 0.018750
2 0.330469 0.650000 0.084375 0.016667
2 0.330469 0.631250 0.085938 0.016667
2 0.340625 0.193229 0.085938 0.017708
2 0.340625 0.212500 0.084375 0.018750
2 0.341797 0.232292 0.083594 0.018750
2 0.339062 0.252083 0.085938 0.018750
2 0.339844 0.269792 0.087500 0.018750
2 0.337891 0.288542 0.085156 0.020833
2 0.336328 0.307812 0.086719 0.017708
2 0.335938 0.326042 0.082812 0.018750
2 0.335938 0.345313 0.084375 0.017708
2 0.335938 0.364583 0.085938 0.020833
2 0.333203 0.383333 0.085156 0.016667
2 0.332422 0.402604 0.083594 0.019792
2 0.331641 0.421875 0.085156 0.018750
2 0.331250 0.440625 0.082812 0.016667
2 0.330859 0.459375 0.085156 0.020833
2 0.332031 0.480208 0.084375 0.018750
2 0.331250 0.498437 0.084375 0.019792
2 0.331641 0.518750 0.083594 0.018750
2 0.331250 0.536979 0.084375 0.019792
2 0.331641 0.556250 0.083594 0.018750
2 0.332031 0.573958 0.084375 0.016667
2 0.331641 0.591667 0.085156 0.018750
2 0.331641 0.611979 0.083594 0.021875
2 0.430078 0.195312 0.085156 0.019792
2 0.429688 0.215104 0.087500 0.017708
2 0.428125 0.233854 0.087500 0.017708
2 0.426563 0.253125 0.085938 0.020833
2 0.426172 0.272396 0.085156 0.015625
2 0.425391 0.290104 0.085156 0.019792
2 0.423047 0.308854 0.086719 0.015625
2 0.423047 0.327083 0.086719 0.018750
2 0.422656 0.346354 0.085938 0.019792
2 0.421875 0.365625 0.085938 0.018750
2 0.423438 0.384896 0.085938 0.017708
2 0.420312 0.404167 0.087500 0.018750
2 0.419531 0.422917 0.087500 0.016667
2 0.419922 0.441667 0.085156 0.020833
2 0.419922 0.460938 0.086719 0.015625
2 0.419531 0.479167 0.085938 0.020833
2 0.418359 0.498958 0.086719 0.020833
2 0.419141 0.519271 0.086719 0.019792
2 0.418750 0.539062 0.087500 0.019792
2 0.418750 0.558854 0.084375 0.017708
2 0.417969 0.576562 0.085938 0.017708
2 0.418750 0.594271 0.084375 0.015625
2 0.419141 0.612500 0.086719 0.022917
2 0.417187 0.632812 0.084375 0.017708
2 0.416406 0.651563 0.085938 0.017708
2 0.416797 0.670312 0.085156 0.019792
2 0.517578 0.191146 0.083594 0.019792
2 0.516016 0.210938 0.083594 0.017708
2 0.515625 0.229167 0.085938 0.018750
2 0.514844 0.248438 0.085938 0.017708
2 0.515625 0.266667 0.084375 0.020833
2 0.513672 0.286458 0.083594 0.018750
2 0.515234 0.304167 0.082031 0.020833
2 0.470703 0.534896 0.016406 0.086458
2 0.486328 0.536458 0.013281 0.083333
